-2.501545e-007 -0.00513581
-2.499545e-007 -0.0058
-2.497545e-007 -0.0058
-2.495545e-007 -0.00546791
-2.493545e-007 -0.00546791
-2.491545e-007 -0.00546791
-2.489545e-007 -0.00546791
-2.487545e-007 -0.00480372
-2.485545e-007 -0.00546791
-2.483545e-007 -0.0058
-2.481545e-007 -0.00546791
-2.479545e-007 -0.0058
-2.477545e-007 -0.00513581
-2.475545e-007 -0.00513581
-2.473545e-007 -0.00546791
-2.471545e-007 -0.00646419
-2.469545e-007 -0.00513581
-2.467545e-007 -0.00613209
-2.465545e-007 -0.00513581
-2.463545e-007 -0.00513581
-2.461545e-007 -0.0058
-2.459545e-007 -0.00513581
-2.457545e-007 -0.00546791
-2.455545e-007 -0.0058
-2.453545e-007 -0.0058
-2.451545e-007 -0.00613209
-2.449545e-007 -0.0058
-2.447545e-007 -0.0058
-2.445545e-007 -0.00646419
-2.443545e-007 -0.00546791
-2.441545e-007 -0.0058
-2.439545e-007 -0.00613209
-2.437545e-007 -0.00546791
-2.435545e-007 -0.00613209
-2.433545e-007 -0.00613209
-2.431545e-007 -0.00513581
-2.429545e-007 -0.0058
-2.427545e-007 -0.0058
-2.425545e-007 -0.00546791
-2.423545e-007 -0.0058
-2.421545e-007 -0.00513581
-2.419545e-007 -0.0058
-2.417545e-007 -0.0058
-2.415545e-007 -0.00546791
-2.413545e-007 -0.00646419
-2.411545e-007 -0.00513581
-2.409545e-007 -0.0058
-2.407545e-007 -0.00613209
-2.405545e-007 -0.0058
-2.403545e-007 -0.00613209
-2.401545e-007 -0.00546791
-2.399545e-007 -0.0058
-2.397545e-007 -0.00646419
-2.395545e-007 -0.00613209
-2.393545e-007 -0.00546791
-2.391545e-007 -0.00613209
-2.389545e-007 -0.00513581
-2.387545e-007 -0.00613209
-2.385545e-007 -0.0058
-2.383545e-007 -0.0058
-2.381545e-007 -0.0058
-2.379545e-007 -0.0058
-2.377545e-007 -0.0058
-2.375545e-007 -0.00679628
-2.373545e-007 -0.00613209
-2.371545e-007 -0.00613209
-2.369545e-007 -0.00513581
-2.367545e-007 -0.0058
-2.365545e-007 -0.00646419
-2.363545e-007 -0.00546791
-2.361545e-007 -0.00546791
-2.359545e-007 -0.00613209
-2.357545e-007 -0.00513581
-2.355545e-007 -0.0058
-2.353545e-007 -0.00546791
-2.351545e-007 -0.00546791
-2.349545e-007 -0.00546791
-2.347545e-007 -0.00613209
-2.345545e-007 -0.0058
-2.343545e-007 -0.00613209
-2.341545e-007 -0.00646419
-2.339545e-007 -0.00646419
-2.337545e-007 -0.00646419
-2.335545e-007 -0.00646419
-2.333545e-007 -0.00679628
-2.331545e-007 -0.00613209
-2.329545e-007 -0.00546791
-2.327545e-007 -0.00613209
-2.325545e-007 -0.00646419
-2.323545e-007 -0.0058
-2.321545e-007 -0.0058
-2.319545e-007 -0.00546791
-2.317545e-007 -0.00613209
-2.315545e-007 -0.00646419
-2.313545e-007 -0.00679628
-2.311545e-007 -0.00646419
-2.309545e-007 -0.00613209
-2.307545e-007 -0.00646419
-2.305545e-007 -0.00613209
-2.303545e-007 -0.00646419
-2.301545e-007 -0.0058
-2.299545e-007 -0.00646419
-2.297545e-007 -0.00546791
-2.295545e-007 -0.00613209
-2.293545e-007 -0.0058
-2.291545e-007 -0.00613209
-2.289545e-007 -0.0058
-2.287545e-007 -0.0058
-2.285545e-007 -0.00513581
-2.283545e-007 -0.00646419
-2.281545e-007 -0.0058
-2.279545e-007 -0.00613209
-2.277545e-007 -0.00546791
-2.275545e-007 -0.00546791
-2.273545e-007 -0.00613209
-2.271545e-007 -0.00513581
-2.269545e-007 -0.00513581
-2.267545e-007 -0.00613209
-2.265545e-007 -0.0058
-2.263545e-007 -0.00513581
-2.261545e-007 -0.0058
-2.259545e-007 -0.00546791
-2.257545e-007 -0.00513581
-2.255545e-007 -0.00546791
-2.253545e-007 -0.00546791
-2.251545e-007 -0.00513581
-2.249545e-007 -0.00513581
-2.247545e-007 -0.00513581
-2.245545e-007 -0.00513581
-2.243545e-007 -0.00447163
-2.241545e-007 -0.00513581
-2.239545e-007 -0.00480372
-2.237545e-007 -0.00546791
-2.235545e-007 -0.00546791
-2.233545e-007 -0.00480372
-2.231545e-007 -0.00480372
-2.229545e-007 -0.00513581
-2.227545e-007 -0.00480372
-2.225545e-007 -0.00480372
-2.223545e-007 -0.00480372
-2.221545e-007 -0.00513581
-2.219545e-007 -0.00513581
-2.217545e-007 -0.00447163
-2.215545e-007 -0.00513581
-2.213545e-007 -0.00447163
-2.211545e-007 -0.00447163
-2.209545e-007 -0.00480372
-2.207545e-007 -0.00480372
-2.205545e-007 -0.00480372
-2.203545e-007 -0.00513581
-2.201545e-007 -0.00480372
-2.199545e-007 -0.0058
-2.197545e-007 -0.00513581
-2.195545e-007 -0.00480372
-2.193545e-007 -0.00513581
-2.191545e-007 -0.00480372
-2.189545e-007 -0.00480372
-2.187545e-007 -0.00513581
-2.185545e-007 -0.00513581
-2.183545e-007 -0.00513581
-2.181545e-007 -0.00413953
-2.179545e-007 -0.00480372
-2.177545e-007 -0.00513581
-2.175545e-007 -0.00513581
-2.173545e-007 -0.00447163
-2.171545e-007 -0.00513581
-2.169545e-007 -0.00513581
-2.167545e-007 -0.00480372
-2.165545e-007 -0.00546791
-2.163545e-007 -0.0058
-2.161545e-007 -0.00546791
-2.159545e-007 -0.00546791
-2.157545e-007 -0.00546791
-2.155545e-007 -0.0058
-2.153545e-007 -0.0058
-2.151545e-007 -0.00513581
-2.149545e-007 -0.00513581
-2.147545e-007 -0.00546791
-2.145545e-007 -0.00513581
-2.143545e-007 -0.00513581
-2.141545e-007 -0.00513581
-2.139545e-007 -0.00513581
-2.137545e-007 -0.00513581
-2.135545e-007 -0.00546791
-2.133545e-007 -0.00513581
-2.131545e-007 -0.00546791
-2.129545e-007 -0.00513581
-2.127545e-007 -0.00513581
-2.125545e-007 -0.00546791
-2.123545e-007 -0.00513581
-2.121545e-007 -0.00513581
-2.119545e-007 -0.00546791
-2.117545e-007 -0.00447163
-2.115545e-007 -0.00480372
-2.113545e-007 -0.00546791
-2.111545e-007 -0.00513581
-2.109545e-007 -0.00480372
-2.107545e-007 -0.00447163
-2.105545e-007 -0.00480372
-2.103545e-007 -0.00546791
-2.101545e-007 -0.00513581
-2.099545e-007 -0.0058
-2.097545e-007 -0.00480372
-2.095545e-007 -0.00546791
-2.093545e-007 -0.00513581
-2.091545e-007 -0.00513581
-2.089545e-007 -0.00480372
-2.087545e-007 -0.00513581
-2.085545e-007 -0.00513581
-2.083545e-007 -0.0058
-2.081545e-007 -0.00513581
-2.079545e-007 -0.00513581
-2.077545e-007 -0.00513581
-2.075545e-007 -0.00513581
-2.073545e-007 -0.00546791
-2.071545e-007 -0.00513581
-2.069545e-007 -0.00513581
-2.067545e-007 -0.0058
-2.065545e-007 -0.00546791
-2.063545e-007 -0.00513581
-2.061545e-007 -0.00513581
-2.059545e-007 -0.00513581
-2.057545e-007 -0.00513581
-2.055545e-007 -0.00480372
-2.053545e-007 -0.00480372
-2.051545e-007 -0.00513581
-2.049545e-007 -0.00447163
-2.047545e-007 -0.00513581
-2.045545e-007 -0.0058
-2.043545e-007 -0.00480372
-2.041545e-007 -0.00480372
-2.039545e-007 -0.00546791
-2.037545e-007 -0.00546791
-2.035545e-007 -0.00513581
-2.033545e-007 -0.00513581
-2.031545e-007 -0.00513581
-2.029545e-007 -0.00480372
-2.027545e-007 -0.00513581
-2.025545e-007 -0.00513581
-2.023545e-007 -0.00513581
-2.021545e-007 -0.00546791
-2.019545e-007 -0.00513581
-2.017545e-007 -0.0058
-2.015545e-007 -0.0058
-2.013545e-007 -0.00513581
-2.011545e-007 -0.00480372
-2.009545e-007 -0.00480372
-2.007545e-007 -0.00513581
-2.005545e-007 -0.00480372
-2.003545e-007 -0.00513581
-2.001545e-007 -0.00513581
-1.999545e-007 -0.00480372
-1.997545e-007 -0.00513581
-1.995545e-007 -0.00546791
-1.993545e-007 -0.00513581
-1.991545e-007 -0.00546791
-1.989545e-007 -0.00480372
-1.987545e-007 -0.00513581
-1.985545e-007 -0.00513581
-1.983545e-007 -0.0058
-1.981545e-007 -0.00513581
-1.979545e-007 -0.00546791
-1.977545e-007 -0.00513581
-1.975545e-007 -0.00480372
-1.973545e-007 -0.00480372
-1.971545e-007 -0.00513581
-1.969545e-007 -0.00513581
-1.967545e-007 -0.00546791
-1.965545e-007 -0.00480372
-1.963545e-007 -0.00513581
-1.961545e-007 -0.0058
-1.959545e-007 -0.00613209
-1.957545e-007 -0.00546791
-1.955545e-007 -0.00546791
-1.953545e-007 -0.00546791
-1.951545e-007 -0.00513581
-1.949545e-007 -0.00546791
-1.947545e-007 -0.00613209
-1.945545e-007 -0.0058
-1.943545e-007 -0.00546791
-1.941545e-007 -0.0058
-1.939545e-007 -0.00546791
-1.937545e-007 -0.00513581
-1.935545e-007 -0.0058
-1.933545e-007 -0.00480372
-1.931545e-007 -0.00513581
-1.929545e-007 -0.00513581
-1.927545e-007 -0.00546791
-1.925545e-007 -0.00546791
-1.923545e-007 -0.00513581
-1.921545e-007 -0.0058
-1.919545e-007 -0.0058
-1.917545e-007 -0.00513581
-1.915545e-007 -0.00546791
-1.913545e-007 -0.00546791
-1.911545e-007 -0.00546791
-1.909545e-007 -0.00546791
-1.907545e-007 -0.00613209
-1.905545e-007 -0.0058
-1.903545e-007 -0.00546791
-1.901545e-007 -0.00513581
-1.899545e-007 -0.00546791
-1.897545e-007 -0.0058
-1.895545e-007 -0.0058
-1.893545e-007 -0.00513581
-1.891545e-007 -0.00513581
-1.889545e-007 -0.00513581
-1.887545e-007 -0.0058
-1.885545e-007 -0.0058
-1.883545e-007 -0.00613209
-1.881545e-007 -0.00646419
-1.879545e-007 -0.0058
-1.877545e-007 -0.00546791
-1.875545e-007 -0.00613209
-1.873545e-007 -0.00546791
-1.871545e-007 -0.0058
-1.869545e-007 -0.00646419
-1.867545e-007 -0.00613209
-1.865545e-007 -0.00546791
-1.863545e-007 -0.00613209
-1.861545e-007 -0.00546791
-1.859545e-007 -0.00546791
-1.857545e-007 -0.00546791
-1.855545e-007 -0.00546791
-1.853545e-007 -0.00513581
-1.851545e-007 -0.00513581
-1.849545e-007 -0.00513581
-1.847545e-007 -0.00513581
-1.845545e-007 -0.00546791
-1.843545e-007 -0.0058
-1.841545e-007 -0.0058
-1.839545e-007 -0.00546791
-1.837545e-007 -0.00513581
-1.835545e-007 -0.0058
-1.833545e-007 -0.00513581
-1.831545e-007 -0.0058
-1.829545e-007 -0.00546791
-1.827545e-007 -0.00546791
-1.825545e-007 -0.00546791
-1.823545e-007 -0.00546791
-1.821545e-007 -0.00447163
-1.819545e-007 -0.00513581
-1.817545e-007 -0.00513581
-1.815545e-007 -0.00513581
-1.813545e-007 -0.00480372
-1.811545e-007 -0.00480372
-1.809545e-007 -0.00513581
-1.807545e-007 -0.00447163
-1.805545e-007 -0.00546791
-1.803545e-007 -0.00480372
-1.801545e-007 -0.0058
-1.799545e-007 -0.00480372
-1.797545e-007 -0.00513581
-1.795545e-007 -0.00513581
-1.793545e-007 -0.00480372
-1.791545e-007 -0.0058
-1.789545e-007 -0.00480372
-1.787545e-007 -0.00546791
-1.785545e-007 -0.00480372
-1.783545e-007 -0.0058
-1.781545e-007 -0.00546791
-1.779545e-007 -0.0058
-1.777545e-007 -0.00513581
-1.775545e-007 -0.00546791
-1.773545e-007 -0.00546791
-1.771545e-007 -0.00546791
-1.769545e-007 -0.0058
-1.767545e-007 -0.0058
-1.765545e-007 -0.00546791
-1.763545e-007 -0.00546791
-1.761545e-007 -0.0058
-1.759545e-007 -0.0058
-1.757545e-007 -0.00513581
-1.755545e-007 -0.00513581
-1.753545e-007 -0.00480372
-1.751545e-007 -0.00546791
-1.749545e-007 -0.0058
-1.747545e-007 -0.00447163
-1.745545e-007 -0.00513581
-1.743545e-007 -0.00513581
-1.741545e-007 -0.00513581
-1.739545e-007 -0.00513581
-1.737545e-007 -0.00546791
-1.735545e-007 -0.0058
-1.733545e-007 -0.00480372
-1.731545e-007 -0.00546791
-1.729545e-007 -0.00513581
-1.727545e-007 -0.00513581
-1.725545e-007 -0.00513581
-1.723545e-007 -0.0058
-1.721545e-007 -0.00513581
-1.719545e-007 -0.0058
-1.717545e-007 -0.00546791
-1.715545e-007 -0.00546791
-1.713545e-007 -0.00546791
-1.711545e-007 -0.0058
-1.709545e-007 -0.00546791
-1.707545e-007 -0.00513581
-1.705545e-007 -0.00546791
-1.703545e-007 -0.00513581
-1.701545e-007 -0.00513581
-1.699545e-007 -0.0058
-1.697545e-007 -0.00546791
-1.695545e-007 -0.00513581
-1.693545e-007 -0.00546791
-1.691545e-007 -0.0058
-1.689545e-007 -0.00513581
-1.687545e-007 -0.00546791
-1.685545e-007 -0.0058
-1.683545e-007 -0.00546791
-1.681545e-007 -0.00613209
-1.679545e-007 -0.0058
-1.677545e-007 -0.00613209
-1.675545e-007 -0.00613209
-1.673545e-007 -0.0058
-1.671545e-007 -0.00646419
-1.669545e-007 -0.00613209
-1.667545e-007 -0.0058
-1.665545e-007 -0.00613209
-1.663545e-007 -0.0058
-1.661545e-007 -0.00546791
-1.659545e-007 -0.00546791
-1.657545e-007 -0.0058
-1.655545e-007 -0.00613209
-1.653545e-007 -0.00513581
-1.651545e-007 -0.0058
-1.649545e-007 -0.00613209
-1.647545e-007 -0.00613209
-1.645545e-007 -0.00546791
-1.643545e-007 -0.00546791
-1.641545e-007 -0.00513581
-1.639545e-007 -0.00613209
-1.637545e-007 -0.0058
-1.635545e-007 -0.00546791
-1.633545e-007 -0.00546791
-1.631545e-007 -0.00613209
-1.629545e-007 -0.0058
-1.627545e-007 -0.00513581
-1.625545e-007 -0.00546791
-1.623545e-007 -0.00613209
-1.621545e-007 -0.00546791
-1.619545e-007 -0.0058
-1.617545e-007 -0.0058
-1.615545e-007 -0.0058
-1.613545e-007 -0.00613209
-1.611545e-007 -0.0058
-1.609545e-007 -0.00613209
-1.607545e-007 -0.00613209
-1.605545e-007 -0.00646419
-1.603545e-007 -0.00646419
-1.601545e-007 -0.00646419
-1.599545e-007 -0.00613209
-1.597545e-007 -0.00646419
-1.595545e-007 -0.00613209
-1.593545e-007 -0.00679628
-1.591545e-007 -0.00679628
-1.589545e-007 -0.00712837
-1.587545e-007 -0.00712837
-1.585545e-007 -0.00679628
-1.583545e-007 -0.00712837
-1.581545e-007 -0.00712837
-1.579545e-007 -0.00679628
-1.577545e-007 -0.00779256
-1.575545e-007 -0.00712837
-1.573545e-007 -0.00812465
-1.571545e-007 -0.00746047
-1.569545e-007 -0.00746047
-1.567545e-007 -0.00712837
-1.565545e-007 -0.00746047
-1.563545e-007 -0.00746047
-1.561545e-007 -0.00712837
-1.559545e-007 -0.00779256
-1.557545e-007 -0.00746047
-1.555545e-007 -0.00712837
-1.553545e-007 -0.00878884
-1.551545e-007 -0.00779256
-1.549545e-007 -0.00812465
-1.547545e-007 -0.00812465
-1.545545e-007 -0.00845675
-1.543545e-007 -0.00845675
-1.541545e-007 -0.00812465
-1.539545e-007 -0.00845675
-1.537545e-007 -0.00779256
-1.535545e-007 -0.00779256
-1.533545e-007 -0.00812465
-1.531545e-007 -0.00845675
-1.529545e-007 -0.00812465
-1.527545e-007 -0.00845675
-1.525545e-007 -0.00845675
-1.523545e-007 -0.00812465
-1.521545e-007 -0.00845675
-1.519545e-007 -0.00878884
-1.517545e-007 -0.00845675
-1.515545e-007 -0.00878884
-1.513545e-007 -0.00878884
-1.511545e-007 -0.00878884
-1.509545e-007 -0.00912094
-1.507545e-007 -0.00912094
-1.505545e-007 -0.00845675
-1.503545e-007 -0.00812465
-1.501545e-007 -0.00878884
-1.499545e-007 -0.00812465
-1.497545e-007 -0.00912094
-1.495545e-007 -0.00878884
-1.493545e-007 -0.00912094
-1.491545e-007 -0.00812465
-1.489545e-007 -0.00845675
-1.487545e-007 -0.00878884
-1.485545e-007 -0.00912094
-1.483545e-007 -0.00779256
-1.481545e-007 -0.00845675
-1.479545e-007 -0.00912094
-1.477545e-007 -0.00812465
-1.475545e-007 -0.00845675
-1.473545e-007 -0.00912094
-1.471545e-007 -0.00845675
-1.469545e-007 -0.00878884
-1.467545e-007 -0.00812465
-1.465545e-007 -0.00845675
-1.463545e-007 -0.00878884
-1.461545e-007 -0.00812465
-1.459545e-007 -0.00845675
-1.457545e-007 -0.00845675
-1.455545e-007 -0.00878884
-1.453545e-007 -0.00845675
-1.451545e-007 -0.00845675
-1.449545e-007 -0.00878884
-1.447545e-007 -0.00779256
-1.445545e-007 -0.00779256
-1.443545e-007 -0.00779256
-1.441545e-007 -0.00812465
-1.439545e-007 -0.00746047
-1.437545e-007 -0.00812465
-1.435545e-007 -0.00712837
-1.433545e-007 -0.00779256
-1.431545e-007 -0.00812465
-1.429545e-007 -0.00812465
-1.427545e-007 -0.00812465
-1.425545e-007 -0.00779256
-1.423545e-007 -0.00779256
-1.421545e-007 -0.00779256
-1.419545e-007 -0.00779256
-1.417545e-007 -0.00845675
-1.415545e-007 -0.00845675
-1.413545e-007 -0.00779256
-1.411545e-007 -0.00712837
-1.409545e-007 -0.00779256
-1.407545e-007 -0.00746047
-1.405545e-007 -0.00712837
-1.403545e-007 -0.00746047
-1.401545e-007 -0.00679628
-1.399545e-007 -0.00712837
-1.397545e-007 -0.00679628
-1.395545e-007 -0.00679628
-1.393545e-007 -0.00712837
-1.391545e-007 -0.00712837
-1.389545e-007 -0.00679628
-1.387545e-007 -0.00712837
-1.385545e-007 -0.00712837
-1.383545e-007 -0.00712837
-1.381545e-007 -0.00712837
-1.379545e-007 -0.00712837
-1.377545e-007 -0.00679628
-1.375545e-007 -0.00679628
-1.373545e-007 -0.00712837
-1.371545e-007 -0.00712837
-1.369545e-007 -0.00613209
-1.367545e-007 -0.00679628
-1.365545e-007 -0.00679628
-1.363545e-007 -0.0058
-1.361545e-007 -0.0058
-1.359545e-007 -0.00613209
-1.357545e-007 -0.00613209
-1.355545e-007 -0.00613209
-1.353545e-007 -0.0058
-1.351545e-007 -0.00679628
-1.349545e-007 -0.00613209
-1.347545e-007 -0.0058
-1.345545e-007 -0.0058
-1.343545e-007 -0.0058
-1.341545e-007 -0.00546791
-1.339545e-007 -0.00613209
-1.337545e-007 -0.0058
-1.335545e-007 -0.00613209
-1.333545e-007 -0.00513581
-1.331545e-007 -0.00546791
-1.329545e-007 -0.00513581
-1.327545e-007 -0.00513581
-1.325545e-007 -0.00613209
-1.323545e-007 -0.00546791
-1.321545e-007 -0.00546791
-1.319545e-007 -0.00513581
-1.317545e-007 -0.00546791
-1.315545e-007 -0.00513581
-1.313545e-007 -0.00513581
-1.311545e-007 -0.0058
-1.309545e-007 -0.00546791
-1.307545e-007 -0.0058
-1.305545e-007 -0.00513581
-1.303545e-007 -0.00546791
-1.301545e-007 -0.00513581
-1.299545e-007 -0.0058
-1.297545e-007 -0.00513581
-1.295545e-007 -0.00546791
-1.293545e-007 -0.00513581
-1.291545e-007 -0.00613209
-1.289545e-007 -0.00513581
-1.287545e-007 -0.0058
-1.285545e-007 -0.00546791
-1.283545e-007 -0.00513581
-1.281545e-007 -0.00513581
-1.279545e-007 -0.00480372
-1.277545e-007 -0.00480372
-1.275545e-007 -0.00447163
-1.273545e-007 -0.00480372
-1.271545e-007 -0.00513581
-1.269545e-007 -0.00447163
-1.267545e-007 -0.00413953
-1.265545e-007 -0.00413953
-1.263545e-007 -0.00413953
-1.261545e-007 -0.00480372
-1.259545e-007 -0.00447163
-1.257545e-007 -0.00447163
-1.255545e-007 -0.00480372
-1.253545e-007 -0.00380744
-1.251545e-007 -0.00480372
-1.249545e-007 -0.00480372
-1.247545e-007 -0.00447163
-1.245545e-007 -0.00413953
-1.243545e-007 -0.00447163
-1.241545e-007 -0.00447163
-1.239545e-007 -0.00480372
-1.237545e-007 -0.00480372
-1.235545e-007 -0.00513581
-1.233545e-007 -0.00447163
-1.231545e-007 -0.00480372
-1.229545e-007 -0.00447163
-1.227545e-007 -0.00513581
-1.225545e-007 -0.00480372
-1.223545e-007 -0.00447163
-1.221545e-007 -0.00447163
-1.219545e-007 -0.00447163
-1.217545e-007 -0.00480372
-1.215545e-007 -0.00447163
-1.213545e-007 -0.00513581
-1.211545e-007 -0.00447163
-1.209545e-007 -0.00380744
-1.207545e-007 -0.00447163
-1.205545e-007 -0.00480372
-1.203545e-007 -0.00447163
-1.201545e-007 -0.00480372
-1.199545e-007 -0.00546791
-1.197545e-007 -0.00447163
-1.195545e-007 -0.00480372
-1.193545e-007 -0.00447163
-1.191545e-007 -0.00447163
-1.189545e-007 -0.00480372
-1.187545e-007 -0.00447163
-1.185545e-007 -0.00447163
-1.183545e-007 -0.00447163
-1.181545e-007 -0.00413953
-1.179545e-007 -0.00480372
-1.177545e-007 -0.00447163
-1.175545e-007 -0.00413953
-1.173545e-007 -0.00480372
-1.171545e-007 -0.00447163
-1.169545e-007 -0.00513581
-1.167545e-007 -0.00447163
-1.165545e-007 -0.00447163
-1.163545e-007 -0.00447163
-1.161545e-007 -0.00480372
-1.159545e-007 -0.00447163
-1.157545e-007 -0.00480372
-1.155545e-007 -0.00513581
-1.153545e-007 -0.00447163
-1.151545e-007 -0.00447163
-1.149545e-007 -0.00447163
-1.147545e-007 -0.00447163
-1.145545e-007 -0.00447163
-1.143545e-007 -0.00447163
-1.141545e-007 -0.00513581
-1.139545e-007 -0.00480372
-1.137545e-007 -0.00480372
-1.135545e-007 -0.00480372
-1.133545e-007 -0.0058
-1.131545e-007 -0.00546791
-1.129545e-007 -0.00447163
-1.127545e-007 -0.00480372
-1.125545e-007 -0.00480372
-1.123545e-007 -0.00480372
-1.121545e-007 -0.00513581
-1.119545e-007 -0.00513581
-1.117545e-007 -0.00546791
-1.115545e-007 -0.00480372
-1.113545e-007 -0.00480372
-1.111545e-007 -0.00513581
-1.109545e-007 -0.00546791
-1.107545e-007 -0.0058
-1.105545e-007 -0.00513581
-1.103545e-007 -0.00546791
-1.101545e-007 -0.0058
-1.099545e-007 -0.0058
-1.097545e-007 -0.0058
-1.095545e-007 -0.00513581
-1.093545e-007 -0.00513581
-1.091545e-007 -0.0058
-1.089545e-007 -0.00646419
-1.087545e-007 -0.00546791
-1.085545e-007 -0.0058
-1.083545e-007 -0.00546791
-1.081545e-007 -0.00513581
-1.079545e-007 -0.0058
-1.077545e-007 -0.00513581
-1.075545e-007 -0.00546791
-1.073545e-007 -0.00546791
-1.071545e-007 -0.00513581
-1.069545e-007 -0.00613209
-1.067545e-007 -0.00613209
-1.065545e-007 -0.00546791
-1.063545e-007 -0.0058
-1.061545e-007 -0.00513581
-1.059545e-007 -0.00513581
-1.057545e-007 -0.00546791
-1.055545e-007 -0.00447163
-1.053545e-007 -0.00513581
-1.051545e-007 -0.00513581
-1.049545e-007 -0.00513581
-1.047545e-007 -0.0058
-1.045545e-007 -0.00513581
-1.043545e-007 -0.00480372
-1.041545e-007 -0.00513581
-1.039545e-007 -0.00480372
-1.037545e-007 -0.00546791
-1.035545e-007 -0.00646419
-1.033545e-007 -0.00546791
-1.031545e-007 -0.0058
-1.029545e-007 -0.0058
-1.027545e-007 -0.00546791
-1.025545e-007 -0.0058
-1.023545e-007 -0.00447163
-1.021545e-007 -0.0058
-1.019545e-007 -0.00513581
-1.017545e-007 -0.00480372
-1.015545e-007 -0.00546791
-1.013545e-007 -0.00546791
-1.011545e-007 -0.00546791
-1.009545e-007 -0.00513581
-1.007545e-007 -0.0058
-1.005545e-007 -0.00546791
-1.003545e-007 -0.00646419
-1.001545e-007 -0.00546791
-9.995447e-008 -0.00546791
-9.975447e-008 -0.00546791
-9.955447e-008 -0.0058
-9.935447e-008 -0.00513581
-9.915447e-008 -0.00513581
-9.895447e-008 -0.00546791
-9.875447e-008 -0.00546791
-9.855447e-008 -0.0058
-9.835447e-008 -0.00613209
-9.815447e-008 -0.00513581
-9.795447e-008 -0.0058
-9.775447e-008 -0.0058
-9.755447e-008 -0.0058
-9.735447e-008 -0.00546791
-9.715447e-008 -0.0058
-9.695447e-008 -0.0058
-9.675447e-008 -0.00613209
-9.655447e-008 -0.00646419
-9.635447e-008 -0.0058
-9.615447e-008 -0.00613209
-9.595447e-008 -0.0058
-9.575447e-008 -0.00513581
-9.555447e-008 -0.00613209
-9.535447e-008 -0.0058
-9.515447e-008 -0.00613209
-9.495447e-008 -0.0058
-9.475447e-008 -0.0058
-9.455447e-008 -0.00546791
-9.435447e-008 -0.00513581
-9.415447e-008 -0.0058
-9.395447e-008 -0.00546791
-9.375447e-008 -0.00646419
-9.355447e-008 -0.00679628
-9.335447e-008 -0.0058
-9.315447e-008 -0.00613209
-9.295447e-008 -0.0058
-9.275447e-008 -0.00546791
-9.255447e-008 -0.0058
-9.235447e-008 -0.0058
-9.215447e-008 -0.00546791
-9.195447e-008 -0.00613209
-9.175447e-008 -0.00546791
-9.155447e-008 -0.00613209
-9.135447e-008 -0.0058
-9.115447e-008 -0.00613209
-9.095447e-008 -0.00613209
-9.075447e-008 -0.00546791
-9.055447e-008 -0.0058
-9.035447e-008 -0.00679628
-9.015447e-008 -0.0058
-8.995447e-008 -0.00613209
-8.975447e-008 -0.00613209
-8.955447e-008 -0.00546791
-8.935447e-008 -0.00546791
-8.915447e-008 -0.00679628
-8.895447e-008 -0.00613209
-8.875447e-008 -0.00646419
-8.855447e-008 -0.00513581
-8.835447e-008 -0.00646419
-8.815447e-008 -0.0058
-8.795447e-008 -0.00679628
-8.775447e-008 -0.0058
-8.755447e-008 -0.0058
-8.735447e-008 -0.0058
-8.715447e-008 -0.00613209
-8.695447e-008 -0.0058
-8.675447e-008 -0.0058
-8.655447e-008 -0.00546791
-8.635447e-008 -0.0058
-8.615447e-008 -0.00513581
-8.595447e-008 -0.00613209
-8.575447e-008 -0.00613209
-8.555447e-008 -0.0058
-8.535447e-008 -0.0058
-8.515447e-008 -0.00613209
-8.495447e-008 -0.00546791
-8.475447e-008 -0.00613209
-8.455447e-008 -0.00613209
-8.435447e-008 -0.00613209
-8.415447e-008 -0.00613209
-8.395447e-008 -0.00513581
-8.375447e-008 -0.0058
-8.355447e-008 -0.00546791
-8.335447e-008 -0.00613209
-8.315447e-008 -0.0058
-8.295447e-008 -0.00546791
-8.275447e-008 -0.00613209
-8.255447e-008 -0.00546791
-8.235447e-008 -0.00646419
-8.215447e-008 -0.00546791
-8.195447e-008 -0.00546791
-8.175447e-008 -0.0058
-8.155447e-008 -0.00513581
-8.135447e-008 -0.0058
-8.115447e-008 -0.0058
-8.095447e-008 -0.00513581
-8.075447e-008 -0.00646419
-8.055447e-008 -0.00513581
-8.035447e-008 -0.00613209
-8.015447e-008 -0.0058
-7.995447e-008 -0.0058
-7.975447e-008 -0.00546791
-7.955447e-008 -0.00546791
-7.935447e-008 -0.0058
-7.915447e-008 -0.00613209
-7.895447e-008 -0.00546791
-7.875447e-008 -0.00613209
-7.855447e-008 -0.00613209
-7.835447e-008 -0.0058
-7.815447e-008 -0.00646419
-7.795447e-008 -0.00613209
-7.775447e-008 -0.00513581
-7.755447e-008 -0.0058
-7.735447e-008 -0.00546791
-7.715447e-008 -0.00646419
-7.695447e-008 -0.00646419
-7.675447e-008 -0.00513581
-7.655447e-008 -0.0058
-7.635447e-008 -0.0058
-7.615447e-008 -0.0058
-7.595447e-008 -0.00613209
-7.575447e-008 -0.00546791
-7.555447e-008 -0.00546791
-7.535447e-008 -0.0058
-7.515447e-008 -0.0058
-7.495447e-008 -0.00613209
-7.475447e-008 -0.0058
-7.455447e-008 -0.00613209
-7.435447e-008 -0.00546791
-7.415447e-008 -0.00513581
-7.395447e-008 -0.00546791
-7.375447e-008 -0.00546791
-7.355447e-008 -0.0058
-7.335447e-008 -0.00513581
-7.315447e-008 -0.00613209
-7.295447e-008 -0.00480372
-7.275447e-008 -0.0058
-7.255447e-008 -0.00513581
-7.235447e-008 -0.00546791
-7.215447e-008 -0.00513581
-7.195447e-008 -0.00546791
-7.175447e-008 -0.00546791
-7.155447e-008 -0.00513581
-7.135447e-008 -0.00546791
-7.115447e-008 -0.0058
-7.095447e-008 -0.00546791
-7.075447e-008 -0.0058
-7.055447e-008 -0.00513581
-7.035447e-008 -0.0058
-7.015447e-008 -0.0058
-6.995447e-008 -0.00546791
-6.975447e-008 -0.00480372
-6.955447e-008 -0.0058
-6.935447e-008 -0.0058
-6.915447e-008 -0.0058
-6.895447e-008 -0.00546791
-6.875447e-008 -0.00546791
-6.855447e-008 -0.00513581
-6.835447e-008 -0.0058
-6.815447e-008 -0.00513581
-6.795447e-008 -0.00646419
-6.775447e-008 -0.0058
-6.755447e-008 -0.0058
-6.735447e-008 -0.00546791
-6.715447e-008 -0.00546791
-6.695447e-008 -0.00646419
-6.675447e-008 -0.0058
-6.655447e-008 -0.0058
-6.635447e-008 -0.00613209
-6.615447e-008 -0.0058
-6.595447e-008 -0.00613209
-6.575447e-008 -0.0058
-6.555447e-008 -0.0058
-6.535447e-008 -0.00546791
-6.515447e-008 -0.00613209
-6.495447e-008 -0.00546791
-6.475447e-008 -0.00546791
-6.455447e-008 -0.00546791
-6.435447e-008 -0.00513581
-6.415447e-008 -0.00513581
-6.395447e-008 -0.00546791
-6.375447e-008 -0.00447163
-6.355447e-008 -0.00613209
-6.335447e-008 -0.00513581
-6.315447e-008 -0.0058
-6.295447e-008 -0.00513581
-6.275447e-008 -0.00613209
-6.255447e-008 -0.00546791
-6.235447e-008 -0.00546791
-6.215447e-008 -0.00513581
-6.195447e-008 -0.00513581
-6.175447e-008 -0.00513581
-6.155447e-008 -0.00546791
-6.135447e-008 -0.00513581
-6.115447e-008 -0.00480372
-6.095447e-008 -0.00546791
-6.075447e-008 -0.00480372
-6.055447e-008 -0.00513581
-6.035447e-008 -0.00546791
-6.015447e-008 -0.00513581
-5.995447e-008 -0.00513581
-5.975447e-008 -0.0058
-5.955447e-008 -0.00513581
-5.935447e-008 -0.00546791
-5.915447e-008 -0.0058
-5.895447e-008 -0.00546791
-5.875447e-008 -0.00613209
-5.855447e-008 -0.00546791
-5.835447e-008 -0.00613209
-5.815447e-008 -0.00513581
-5.795447e-008 -0.00513581
-5.775447e-008 -0.00613209
-5.755447e-008 -0.00546791
-5.735447e-008 -0.00546791
-5.715447e-008 -0.0058
-5.695447e-008 -0.00513581
-5.675447e-008 -0.00546791
-5.655447e-008 -0.00546791
-5.635447e-008 -0.00546791
-5.615447e-008 -0.0058
-5.595447e-008 -0.00546791
-5.575447e-008 -0.0058
-5.555447e-008 -0.00546791
-5.535447e-008 -0.00513581
-5.515447e-008 -0.0058
-5.495447e-008 -0.00613209
-5.475447e-008 -0.0058
-5.455447e-008 -0.00513581
-5.435447e-008 -0.0058
-5.415447e-008 -0.00480372
-5.395447e-008 -0.00513581
-5.375447e-008 -0.00480372
-5.355447e-008 -0.00546791
-5.335447e-008 -0.00513581
-5.315447e-008 -0.00546791
-5.295447e-008 -0.0058
-5.275447e-008 -0.00513581
-5.255447e-008 -0.0058
-5.235447e-008 -0.0058
-5.215447e-008 -0.00513581
-5.195447e-008 -0.00546791
-5.175447e-008 -0.00513581
-5.155447e-008 -0.0058
-5.135447e-008 -0.00546791
-5.115447e-008 -0.00613209
-5.095447e-008 -0.0058
-5.075447e-008 -0.00513581
-5.055447e-008 -0.00513581
-5.035447e-008 -0.00546791
-5.015447e-008 -0.00546791
-4.995447e-008 -0.00613209
-4.975447e-008 -0.00546791
-4.955447e-008 -0.00613209
-4.935447e-008 -0.00613209
-4.915447e-008 -0.00613209
-4.895447e-008 -0.00679628
-4.875447e-008 -0.00613209
-4.855447e-008 -0.00613209
-4.835447e-008 -0.00613209
-4.815447e-008 -0.0058
-4.795447e-008 -0.0058
-4.775447e-008 -0.00613209
-4.755447e-008 -0.00613209
-4.735447e-008 -0.0058
-4.715447e-008 -0.00613209
-4.695447e-008 -0.0058
-4.675447e-008 -0.0058
-4.655447e-008 -0.00646419
-4.635447e-008 -0.00613209
-4.615447e-008 -0.00613209
-4.595447e-008 -0.00613209
-4.575447e-008 -0.00613209
-4.555447e-008 -0.0058
-4.535447e-008 -0.0058
-4.515447e-008 -0.00613209
-4.495447e-008 -0.0058
-4.475447e-008 -0.00646419
-4.455447e-008 -0.0058
-4.435447e-008 -0.0058
-4.415447e-008 -0.00513581
-4.395447e-008 -0.0058
-4.375447e-008 -0.00480372
-4.355447e-008 -0.0058
-4.335447e-008 -0.00513581
-4.315447e-008 -0.00513581
-4.295447e-008 -0.00546791
-4.275447e-008 -0.00546791
-4.255447e-008 -0.00513581
-4.235447e-008 -0.00546791
-4.215447e-008 -0.00613209
-4.195447e-008 -0.00546791
-4.175447e-008 -0.00646419
-4.155447e-008 -0.00513581
-4.135447e-008 -0.0058
-4.115447e-008 -0.0058
-4.095447e-008 -0.00546791
-4.075447e-008 -0.00613209
-4.055447e-008 -0.0058
-4.035447e-008 -0.0058
-4.015447e-008 -0.00646419
-3.995447e-008 -0.0058
-3.975447e-008 -0.0058
-3.955447e-008 -0.00646419
-3.935447e-008 -0.00546791
-3.915447e-008 -0.00646419
-3.895447e-008 -0.00613209
-3.875447e-008 -0.00646419
-3.855447e-008 -0.0058
-3.835447e-008 -0.0058
-3.815447e-008 -0.0058
-3.795447e-008 -0.00712837
-3.775447e-008 -0.00646419
-3.755447e-008 -0.00646419
-3.735447e-008 -0.0058
-3.715447e-008 -0.00513581
-3.695447e-008 -0.00546791
-3.675447e-008 -0.00513581
-3.655447e-008 -0.00646419
-3.635447e-008 -0.00546791
-3.615447e-008 -0.00546791
-3.595447e-008 -0.0058
-3.575447e-008 -0.00546791
-3.555447e-008 -0.0058
-3.535447e-008 -0.00513581
-3.515447e-008 -0.00513581
-3.495447e-008 -0.0058
-3.475447e-008 -0.00480372
-3.455447e-008 -0.00513581
-3.435447e-008 -0.00646419
-3.415447e-008 -0.00513581
-3.395447e-008 -0.00546791
-3.375447e-008 -0.00513581
-3.355447e-008 -0.0058
-3.335447e-008 -0.00513581
-3.315447e-008 -0.0058
-3.295447e-008 -0.00546791
-3.275447e-008 -0.00513581
-3.255447e-008 -0.0058
-3.235447e-008 -0.00613209
-3.215447e-008 -0.00546791
-3.195447e-008 -0.00513581
-3.175447e-008 -0.00546791
-3.155447e-008 -0.0058
-3.135447e-008 -0.00546791
-3.115447e-008 -0.00546791
-3.095447e-008 -0.0058
-3.075447e-008 -0.00646419
-3.055447e-008 -0.0058
-3.035447e-008 -0.00513581
-3.015447e-008 -0.00613209
-2.995447e-008 -0.00613209
-2.975447e-008 -0.00546791
-2.955447e-008 -0.00546791
-2.935447e-008 -0.0058
-2.915447e-008 -0.00613209
-2.895447e-008 -0.00546791
-2.875447e-008 -0.00613209
-2.855447e-008 -0.0058
-2.835447e-008 -0.0058
-2.815447e-008 -0.00546791
-2.795447e-008 -0.00646419
-2.775447e-008 -0.00546791
-2.755447e-008 -0.00613209
-2.735447e-008 -0.00613209
-2.715447e-008 -0.00546791
-2.695447e-008 -0.00546791
-2.675447e-008 -0.00613209
-2.655447e-008 -0.00546791
-2.635447e-008 -0.0058
-2.615447e-008 -0.0058
-2.595447e-008 -0.0058
-2.575447e-008 -0.00513581
-2.555447e-008 -0.00546791
-2.535447e-008 -0.00513581
-2.515447e-008 -0.00480372
-2.495447e-008 -0.00546791
-2.475447e-008 -0.00480372
-2.455447e-008 -0.00513581
-2.435447e-008 -0.00513581
-2.415447e-008 -0.00513581
-2.395447e-008 -0.00513581
-2.375447e-008 -0.0058
-2.355447e-008 -0.00546791
-2.335447e-008 -0.00480372
-2.315447e-008 -0.00646419
-2.295447e-008 -0.00546791
-2.275447e-008 -0.00613209
-2.255447e-008 -0.00546791
-2.235447e-008 -0.00513581
-2.215447e-008 -0.00513581
-2.195447e-008 -0.00546791
-2.175447e-008 -0.00546791
-2.155447e-008 -0.00447163
-2.135447e-008 -0.00546791
-2.115447e-008 -0.00546791
-2.095447e-008 -0.0058
-2.075447e-008 -0.00546791
-2.055447e-008 -0.0058
-2.035447e-008 -0.0058
-2.015447e-008 -0.00646419
-1.995447e-008 -0.00646419
-1.975447e-008 -0.00646419
-1.955447e-008 -0.00646419
-1.935447e-008 -0.00613209
-1.915447e-008 -0.0058
-1.895447e-008 -0.00613209
-1.875447e-008 -0.0058
-1.855447e-008 -0.0058
-1.835447e-008 -0.0058
-1.815447e-008 -0.00546791
-1.795447e-008 -0.00546791
-1.775447e-008 -0.0058
-1.755447e-008 -0.00546791
-1.735447e-008 -0.00546791
-1.715447e-008 -0.0058
-1.695447e-008 -0.00546791
-1.675447e-008 -0.0058
-1.655447e-008 -0.00546791
-1.635447e-008 -0.00646419
-1.615447e-008 -0.00613209
-1.595447e-008 -0.0058
-1.575447e-008 -0.00646419
-1.555447e-008 -0.0058
-1.535447e-008 -0.00546791
-1.515447e-008 -0.0058
-1.495447e-008 -0.00546791
-1.475447e-008 -0.0058
-1.455447e-008 -0.00546791
-1.435447e-008 -0.00546791
-1.415447e-008 -0.00646419
-1.395447e-008 -0.00546791
-1.375447e-008 -0.00613209
-1.355447e-008 -0.00646419
-1.335447e-008 -0.0058
-1.315447e-008 -0.00613209
-1.295447e-008 -0.00646419
-1.275447e-008 -0.0058
-1.255447e-008 -0.00646419
-1.235447e-008 -0.00613209
-1.215447e-008 -0.00646419
-1.195447e-008 -0.00646419
-1.175447e-008 -0.00646419
-1.155447e-008 -0.00679628
-1.135447e-008 -0.00646419
-1.115447e-008 -0.00613209
-1.095447e-008 -0.00646419
-1.075447e-008 -0.00646419
-1.055447e-008 -0.00646419
-1.035447e-008 -0.00679628
-1.015447e-008 -0.00646419
-9.954471e-009 -0.00679628
-9.754471e-009 -0.00746047
-9.554471e-009 -0.00712837
-9.354471e-009 -0.00746047
-9.154471e-009 -0.00845675
-8.954471e-009 -0.00912094
-8.754471e-009 -0.00978512
-8.554471e-009 -0.00912094
-8.354471e-009 -0.00945303
-8.154471e-009 -0.0104493
-7.954471e-009 -0.0107814
-7.754471e-009 -0.0111135
-7.554471e-009 -0.0121098
-7.354471e-009 -0.0124419
-7.154471e-009 -0.0131061
-6.954471e-009 -0.0131061
-6.754471e-009 -0.0134382
-6.554471e-009 -0.0137702
-6.354471e-009 -0.0150986
-6.154471e-009 -0.0157628
-5.954471e-009 -0.0154307
-5.754471e-009 -0.0154307
-5.554471e-009 -0.0157628
-5.354471e-009 -0.0167591
-5.154471e-009 -0.0174233
-4.954471e-009 -0.0174233
-4.754471e-009 -0.0177554
-4.554471e-009 -0.0184196
-4.354471e-009 -0.0177554
-4.154471e-009 -0.0190837
-3.954471e-009 -0.02008
-3.754471e-009 -0.02008
-3.554471e-009 -0.0204121
-3.354471e-009 -0.0207442
-3.154471e-009 -0.0204121
-2.954471e-009 -0.0214084
-2.754471e-009 -0.0214084
-2.554471e-009 -0.0220726
-2.354471e-009 -0.0224047
-2.154471e-009 -0.0227368
-1.954471e-009 -0.023401
-1.754471e-009 -0.023733
-1.554471e-009 -0.0230689
-1.354471e-009 -0.0240651
-1.154471e-009 -0.0240651
-9.544712e-010 -0.0240651
-7.544712e-010 -0.0243972
-5.544712e-010 -0.0243972
-3.544712e-010 -0.0247293
-1.544712e-010 -0.0250614
4.552885e-011 -0.0250614
2.455288e-010 -0.0253935
4.455288e-010 -0.0257256
6.455288e-010 -0.0247293
8.455288e-010 -0.0250614
1.045529e-009 -0.0257256
1.245529e-009 -0.0257256
1.445529e-009 -0.0250614
1.645529e-009 -0.0253935
1.845529e-009 -0.0243972
2.045529e-009 -0.0247293
2.245529e-009 -0.0243972
2.445529e-009 -0.0250614
2.645529e-009 -0.0250614
2.845529e-009 -0.0250614
3.045529e-009 -0.0243972
3.245529e-009 -0.023733
3.445529e-009 -0.0243972
3.645529e-009 -0.0240651
3.845529e-009 -0.0243972
4.045529e-009 -0.0240651
4.245529e-009 -0.023733
4.445529e-009 -0.023733
4.645529e-009 -0.0243972
4.845529e-009 -0.023733
5.045529e-009 -0.023733
5.245529e-009 -0.023401
5.445529e-009 -0.023401
5.645529e-009 -0.0224047
5.845529e-009 -0.0230689
6.045529e-009 -0.0230689
6.245529e-009 -0.0230689
6.445529e-009 -0.0224047
6.645529e-009 -0.0220726
6.845529e-009 -0.0210763
7.045529e-009 -0.0217405
7.245529e-009 -0.0210763
7.445529e-009 -0.0214084
7.645529e-009 -0.0210763
7.845529e-009 -0.0214084
8.045529e-009 -0.0210763
8.245529e-009 -0.02008
8.445529e-009 -0.02008
8.645529e-009 -0.0204121
8.845529e-009 -0.0197479
9.045529e-009 -0.02008
9.245529e-009 -0.0187516
9.445529e-009 -0.0184196
9.645529e-009 -0.0177554
9.845529e-009 -0.0177554
1.004553e-008 -0.0177554
1.024553e-008 -0.0177554
1.044553e-008 -0.0167591
1.064553e-008 -0.0160949
1.084553e-008 -0.016427
1.104553e-008 -0.0157628
1.124553e-008 -0.0157628
1.144553e-008 -0.0150986
1.164553e-008 -0.0150986
1.184553e-008 -0.0144344
1.204553e-008 -0.0141023
1.224553e-008 -0.0134382
1.244553e-008 -0.0131061
1.264553e-008 -0.0131061
1.284553e-008 -0.0134382
1.304553e-008 -0.0124419
1.324553e-008 -0.0121098
1.344553e-008 -0.0107814
1.364553e-008 -0.0117777
1.384553e-008 -0.0107814
1.404553e-008 -0.0114456
1.424553e-008 -0.0107814
1.444553e-008 -0.0104493
1.464553e-008 -0.0101172
1.484553e-008 -0.0107814
1.504553e-008 -0.00978512
1.524553e-008 -0.00945303
1.544553e-008 -0.00945303
1.564553e-008 -0.00878884
1.584553e-008 -0.00845675
1.604553e-008 -0.00812465
1.624553e-008 -0.00779256
1.644553e-008 -0.00812465
1.664553e-008 -0.00746047
1.684553e-008 -0.00746047
1.704553e-008 -0.00712837
1.724553e-008 -0.00679628
1.744553e-008 -0.00646419
1.764553e-008 -0.00646419
1.784553e-008 -0.00646419
1.804553e-008 -0.00646419
1.824553e-008 -0.00613209
1.844553e-008 -0.00613209
1.864553e-008 -0.00513581
1.884553e-008 -0.00513581
1.904553e-008 -0.00546791
1.924553e-008 -0.00447163
1.944553e-008 -0.00480372
1.964553e-008 -0.00480372
1.984553e-008 -0.00380744
2.004553e-008 -0.00413953
2.024553e-008 -0.00347535
2.044553e-008 -0.00281116
2.064553e-008 -0.00314325
2.084553e-008 -0.00247906
2.104553e-008 -0.00247906
2.124553e-008 -0.00181488
2.144553e-008 -0.00281116
2.164553e-008 -0.00247906
2.184553e-008 -0.00181488
2.204553e-008 -0.00181488
2.224553e-008 -0.00181488
2.244553e-008 -0.00115069
2.264553e-008 -0.00181488
2.284553e-008 -0.00115069
2.304553e-008 -0.00181488
2.324553e-008 -0.00115069
2.344553e-008 -0.00115069
2.364553e-008 -0.00115069
2.384553e-008 -0.000486504
2.404553e-008 0.000177683
2.424553e-008 -0.000486504
2.444553e-008 -0.00115069
2.464553e-008 -0.000818597
2.484553e-008 -0.00115069
2.504553e-008 -0.000486504
2.524553e-008 -0.00015441
2.544553e-008 -0.00015441
2.564553e-008 0.000177683
2.584553e-008 0.000177683
2.604553e-008 0.00084187
2.624553e-008 -0.00015441
2.644553e-008 0.000177683
2.664553e-008 0.000177683
2.684553e-008 0.000509777
2.704553e-008 0.000509777
2.724553e-008 0.000177683
2.744553e-008 -0.00015441
2.764553e-008 0.00084187
2.784553e-008 0.000177683
2.804553e-008 0.000509777
2.824553e-008 0.000509777
2.844553e-008 0.000177683
2.864553e-008 0.000177683
2.884553e-008 0.00117396
2.904553e-008 0.000509777
2.924553e-008 0.000177683
2.944553e-008 0.000177683
2.964553e-008 0.00084187
2.984553e-008 -0.00015441
3.004553e-008 0.00117396
3.024553e-008 0.00084187
3.044553e-008 -0.00015441
3.064553e-008 0.00084187
3.084553e-008 0.000509777
3.104553e-008 0.000509777
3.124553e-008 0.000177683
3.144553e-008 0.000509777
3.164553e-008 0.000177683
3.184553e-008 0.00084187
3.204553e-008 0.00084187
3.224553e-008 0.00084187
3.244553e-008 0.000177683
3.264553e-008 0.000177683
3.284553e-008 0.000177683
3.304553e-008 0.000177683
3.324553e-008 -0.00015441
3.344553e-008 -0.00015441
3.364553e-008 0.000509777
3.384553e-008 -0.00015441
3.404553e-008 -0.00115069
3.424553e-008 -0.000486504
3.444553e-008 -0.00015441
3.464553e-008 -0.000818597
3.484553e-008 -0.000818597
3.504553e-008 -0.000818597
3.524553e-008 -0.000818597
3.544553e-008 -0.00181488
3.564553e-008 -0.000818597
3.584553e-008 -0.00181488
3.604553e-008 -0.00115069
3.624553e-008 -0.00247906
3.644553e-008 -0.00181488
3.664553e-008 -0.00115069
3.684553e-008 -0.00181488
3.704553e-008 -0.00247906
3.724553e-008 -0.00214697
3.744553e-008 -0.00181488
3.764553e-008 -0.00214697
3.784553e-008 -0.00181488
3.804553e-008 -0.00214697
3.824553e-008 -0.00247906
3.844553e-008 -0.00181488
3.864553e-008 -0.00214697
3.884553e-008 -0.00247906
3.904553e-008 -0.00247906
3.924553e-008 -0.00314325
3.944553e-008 -0.00380744
3.964553e-008 -0.00247906
3.984553e-008 -0.00347535
4.004553e-008 -0.00281116
4.024553e-008 -0.00314325
4.044553e-008 -0.00281116
4.064553e-008 -0.00281116
4.084553e-008 -0.00347535
4.104553e-008 -0.00347535
4.124553e-008 -0.00380744
4.144553e-008 -0.00380744
4.164553e-008 -0.00447163
4.184553e-008 -0.00380744
4.204553e-008 -0.00380744
4.224553e-008 -0.00380744
4.244553e-008 -0.00447163
4.264553e-008 -0.00413953
4.284553e-008 -0.00413953
4.304553e-008 -0.00413953
4.324553e-008 -0.00447163
4.344553e-008 -0.00480372
4.364553e-008 -0.00513581
4.384553e-008 -0.00513581
4.404553e-008 -0.00513581
4.424553e-008 -0.00480372
4.444553e-008 -0.0058
4.464553e-008 -0.00546791
4.484553e-008 -0.0058
4.504553e-008 -0.0058
4.524553e-008 -0.00546791
4.544553e-008 -0.00613209
4.564553e-008 -0.0058
4.584553e-008 -0.00613209
4.604553e-008 -0.00613209
4.624553e-008 -0.00646419
4.644553e-008 -0.00646419
4.664553e-008 -0.00646419
4.684553e-008 -0.00646419
4.704553e-008 -0.00646419
4.724553e-008 -0.00679628
4.744553e-008 -0.00646419
4.764553e-008 -0.00679628
4.784553e-008 -0.00646419
4.804553e-008 -0.00679628
4.824553e-008 -0.00679628
4.844553e-008 -0.00746047
4.864553e-008 -0.00679628
4.884553e-008 -0.00712837
4.904553e-008 -0.00712837
4.924553e-008 -0.00779256
4.944553e-008 -0.00679628
4.964553e-008 -0.00746047
4.984553e-008 -0.00679628
5.004553e-008 -0.00712837
5.024553e-008 -0.00712837
5.044553e-008 -0.00812465
5.064553e-008 -0.00812465
5.084553e-008 -0.00812465
5.104553e-008 -0.00812465
5.124553e-008 -0.00746047
5.144553e-008 -0.00779256
5.164553e-008 -0.00779256
5.184553e-008 -0.00779256
5.204553e-008 -0.00845675
5.224553e-008 -0.00746047
5.244553e-008 -0.00779256
5.264553e-008 -0.00812465
5.284553e-008 -0.00812465
5.304553e-008 -0.00779256
5.324553e-008 -0.00812465
5.344553e-008 -0.00812465
5.364553e-008 -0.00845675
5.384553e-008 -0.00779256
5.404553e-008 -0.00812465
5.424553e-008 -0.00845675
5.444553e-008 -0.00845675
5.464553e-008 -0.00779256
5.484553e-008 -0.00779256
5.504553e-008 -0.00845675
5.524553e-008 -0.00878884
5.544553e-008 -0.00912094
5.564553e-008 -0.00812465
5.584553e-008 -0.00878884
5.604553e-008 -0.00945303
5.624553e-008 -0.00812465
5.644553e-008 -0.00845675
5.664553e-008 -0.00878884
5.684553e-008 -0.00912094
5.704553e-008 -0.00945303
5.724553e-008 -0.00912094
5.744553e-008 -0.00845675
5.764553e-008 -0.00878884
5.784553e-008 -0.00878884
5.804553e-008 -0.00845675
5.824553e-008 -0.00845675
5.844553e-008 -0.00812465
5.864553e-008 -0.00845675
5.884553e-008 -0.00779256
5.904553e-008 -0.00878884
5.924553e-008 -0.00779256
5.944553e-008 -0.00812465
5.964553e-008 -0.00845675
5.984553e-008 -0.00779256
6.004553e-008 -0.00845675
6.024553e-008 -0.00779256
6.044553e-008 -0.00845675
6.064553e-008 -0.00779256
6.084553e-008 -0.00845675
6.104553e-008 -0.00812465
6.124553e-008 -0.00712837
6.144553e-008 -0.00812465
6.164553e-008 -0.00779256
6.184553e-008 -0.00812465
6.204553e-008 -0.00812465
6.224553e-008 -0.00779256
6.244553e-008 -0.00679628
6.264553e-008 -0.00779256
6.284553e-008 -0.00746047
6.304553e-008 -0.00746047
6.324553e-008 -0.00812465
6.344553e-008 -0.00779256
6.364553e-008 -0.00712837
6.384553e-008 -0.00779256
6.404553e-008 -0.00779256
6.424553e-008 -0.00712837
6.444553e-008 -0.00746047
6.464553e-008 -0.00812465
6.484553e-008 -0.00712837
6.504553e-008 -0.00746047
6.524553e-008 -0.00679628
6.544553e-008 -0.00646419
6.564553e-008 -0.00679628
6.584553e-008 -0.00779256
6.604553e-008 -0.00679628
6.624553e-008 -0.00679628
6.644553e-008 -0.00646419
6.664553e-008 -0.00679628
6.684553e-008 -0.00679628
6.704553e-008 -0.0058
6.724553e-008 -0.0058
6.744553e-008 -0.0058
6.764553e-008 -0.00546791
6.784553e-008 -0.00546791
6.804553e-008 -0.0058
6.824553e-008 -0.0058
6.844553e-008 -0.0058
6.864553e-008 -0.0058
6.884553e-008 -0.00546791
6.904553e-008 -0.00613209
6.924553e-008 -0.00613209
6.944553e-008 -0.00646419
6.964553e-008 -0.0058
6.984553e-008 -0.00613209
7.004553e-008 -0.00613209
7.024553e-008 -0.0058
7.044553e-008 -0.00613209
7.064553e-008 -0.00646419
7.084553e-008 -0.00613209
7.104553e-008 -0.00513581
7.124553e-008 -0.0058
7.144553e-008 -0.00513581
7.164553e-008 -0.00447163
7.184553e-008 -0.00513581
7.204553e-008 -0.00546791
7.224553e-008 -0.00480372
7.244553e-008 -0.00513581
7.264553e-008 -0.00546791
7.284553e-008 -0.00546791
7.304553e-008 -0.00513581
7.324553e-008 -0.00513581
7.344553e-008 -0.00513581
7.364553e-008 -0.00513581
7.384553e-008 -0.00546791
7.404553e-008 -0.00513581
7.424553e-008 -0.00546791
7.444553e-008 -0.0058
7.464553e-008 -0.00513581
7.484553e-008 -0.00546791
7.504553e-008 -0.0058
7.524553e-008 -0.00513581
7.544553e-008 -0.00513581
7.564553e-008 -0.00480372
7.584553e-008 -0.00447163
7.604553e-008 -0.00447163
7.624553e-008 -0.00480372
7.644553e-008 -0.00546791
7.664553e-008 -0.00480372
7.684553e-008 -0.00480372
7.704553e-008 -0.00447163
7.724553e-008 -0.00447163
7.744553e-008 -0.00513581
7.764553e-008 -0.00447163
7.784553e-008 -0.00447163
7.804553e-008 -0.00513581
7.824553e-008 -0.00413953
7.844553e-008 -0.00447163
7.864553e-008 -0.00480372
7.884553e-008 -0.00513581
7.904553e-008 -0.00480372
7.924553e-008 -0.00480372
7.944553e-008 -0.00480372
7.964553e-008 -0.00447163
7.984553e-008 -0.00480372
8.004553e-008 -0.00447163
8.024553e-008 -0.00480372
8.044553e-008 -0.00546791
8.064553e-008 -0.00480372
8.084553e-008 -0.00513581
8.104553e-008 -0.00480372
8.124553e-008 -0.00480372
8.144553e-008 -0.00513581
8.164553e-008 -0.00447163
8.184553e-008 -0.00447163
8.204553e-008 -0.00480372
8.224553e-008 -0.00513581
8.244553e-008 -0.00447163
8.264553e-008 -0.00480372
8.284553e-008 -0.00546791
8.304553e-008 -0.00513581
8.324553e-008 -0.00480372
8.344553e-008 -0.00513581
8.364553e-008 -0.00513581
8.384553e-008 -0.00447163
8.404553e-008 -0.00513581
8.424553e-008 -0.00546791
8.444553e-008 -0.00546791
8.464553e-008 -0.00480372
8.484553e-008 -0.00546791
8.504553e-008 -0.00546791
8.524553e-008 -0.00546791
8.544553e-008 -0.00513581
8.564553e-008 -0.00480372
8.584553e-008 -0.00513581
8.604553e-008 -0.0058
8.624553e-008 -0.00513581
8.644553e-008 -0.00513581
8.664553e-008 -0.00546791
8.684553e-008 -0.0058
8.704553e-008 -0.00613209
8.724553e-008 -0.00513581
8.744553e-008 -0.00613209
8.764553e-008 -0.00613209
8.784553e-008 -0.00646419
8.804553e-008 -0.0058
8.824553e-008 -0.0058
8.844553e-008 -0.0058
8.864553e-008 -0.00679628
8.884553e-008 -0.00712837
8.904553e-008 -0.0058
8.924553e-008 -0.00679628
8.944553e-008 -0.00613209
8.964553e-008 -0.00613209
8.984553e-008 -0.00679628
9.004553e-008 -0.00679628
9.024553e-008 -0.00679628
9.044553e-008 -0.00679628
9.064553e-008 -0.00746047
9.084553e-008 -0.00712837
9.104553e-008 -0.00712837
9.124553e-008 -0.00712837
9.144553e-008 -0.00779256
9.164553e-008 -0.00746047
9.184553e-008 -0.00712837
9.204553e-008 -0.00779256
9.224553e-008 -0.00712837
9.244553e-008 -0.00845675
9.264553e-008 -0.00845675
9.284553e-008 -0.00779256
9.304553e-008 -0.00746047
9.324553e-008 -0.00746047
9.344553e-008 -0.00779256
9.364553e-008 -0.00779256
9.384553e-008 -0.00779256
9.404553e-008 -0.00779256
9.424553e-008 -0.00712837
9.444553e-008 -0.00746047
9.464553e-008 -0.00779256
9.484553e-008 -0.00746047
9.504553e-008 -0.00746047
9.524553e-008 -0.00845675
9.544553e-008 -0.00779256
9.564553e-008 -0.00812465
9.584553e-008 -0.00779256
9.604553e-008 -0.00812465
9.624553e-008 -0.00746047
9.644553e-008 -0.00779256
9.664553e-008 -0.00712837
9.684553e-008 -0.00712837
9.704553e-008 -0.00746047
9.724553e-008 -0.00746047
9.744553e-008 -0.00746047
9.764553e-008 -0.00746047
9.784553e-008 -0.00746047
9.804553e-008 -0.00812465
9.824553e-008 -0.00779256
9.844553e-008 -0.00812465
9.864553e-008 -0.00712837
9.884553e-008 -0.00812465
9.904553e-008 -0.00712837
9.924553e-008 -0.00646419
9.944553e-008 -0.00779256
9.964553e-008 -0.00746047
9.984553e-008 -0.00746047
1.000455e-007 -0.00779256
1.002455e-007 -0.00779256
1.004455e-007 -0.00746047
1.006455e-007 -0.00712837
1.008455e-007 -0.00746047
1.010455e-007 -0.00746047
1.012455e-007 -0.00712837
1.014455e-007 -0.00779256
1.016455e-007 -0.00746047
1.018455e-007 -0.00679628
1.020455e-007 -0.00712837
1.022455e-007 -0.00746047
1.024455e-007 -0.00679628
1.026455e-007 -0.00646419
1.028455e-007 -0.00746047
1.030455e-007 -0.00712837
1.032455e-007 -0.00712837
1.034455e-007 -0.00712837
1.036455e-007 -0.00712837
1.038455e-007 -0.00679628
1.040455e-007 -0.00712837
1.042455e-007 -0.00712837
1.044455e-007 -0.00679628
1.046455e-007 -0.00646419
1.048455e-007 -0.00679628
1.050455e-007 -0.00712837
1.052455e-007 -0.00712837
1.054455e-007 -0.00679628
1.056455e-007 -0.00679628
1.058455e-007 -0.00679628
1.060455e-007 -0.00712837
1.062455e-007 -0.00712837
1.064455e-007 -0.00646419
1.066455e-007 -0.00646419
1.068455e-007 -0.00679628
1.070455e-007 -0.00646419
1.072455e-007 -0.00613209
1.074455e-007 -0.00646419
1.076455e-007 -0.00646419
1.078455e-007 -0.00646419
1.080455e-007 -0.00679628
1.082455e-007 -0.00679628
1.084455e-007 -0.0058
1.086455e-007 -0.00646419
1.088455e-007 -0.00613209
1.090455e-007 -0.00646419
1.092455e-007 -0.00712837
1.094455e-007 -0.00646419
1.096455e-007 -0.00646419
1.098455e-007 -0.0058
1.100455e-007 -0.00546791
1.102455e-007 -0.00546791
1.104455e-007 -0.00613209
1.106455e-007 -0.00513581
1.108455e-007 -0.0058
1.110455e-007 -0.0058
1.112455e-007 -0.00646419
1.114455e-007 -0.00546791
1.116455e-007 -0.00613209
1.118455e-007 -0.0058
1.120455e-007 -0.00546791
1.122455e-007 -0.00513581
1.124455e-007 -0.0058
1.126455e-007 -0.00546791
1.128455e-007 -0.00546791
1.130455e-007 -0.0058
1.132455e-007 -0.0058
1.134455e-007 -0.00546791
1.136455e-007 -0.00613209
1.138455e-007 -0.00546791
1.140455e-007 -0.0058
1.142455e-007 -0.0058
1.144455e-007 -0.0058
1.146455e-007 -0.00513581
1.148455e-007 -0.00513581
1.150455e-007 -0.00546791
1.152455e-007 -0.00546791
1.154455e-007 -0.00513581
1.156455e-007 -0.00546791
1.158455e-007 -0.00513581
1.160455e-007 -0.00546791
1.162455e-007 -0.00480372
1.164455e-007 -0.00513581
1.166455e-007 -0.00546791
1.168455e-007 -0.00513581
1.170455e-007 -0.00513581
1.172455e-007 -0.00480372
1.174455e-007 -0.00546791
1.176455e-007 -0.00513581
1.178455e-007 -0.00480372
1.180455e-007 -0.00546791
1.182455e-007 -0.00513581
1.184455e-007 -0.00513581
1.186455e-007 -0.00513581
1.188455e-007 -0.00513581
1.190455e-007 -0.00513581
1.192455e-007 -0.00546791
1.194455e-007 -0.00513581
1.196455e-007 -0.00480372
1.198455e-007 -0.00513581
1.200455e-007 -0.00480372
1.202455e-007 -0.0058
1.204455e-007 -0.00513581
1.206455e-007 -0.00546791
1.208455e-007 -0.00513581
1.210455e-007 -0.00480372
1.212455e-007 -0.00546791
1.214455e-007 -0.00513581
1.216455e-007 -0.00513581
1.218455e-007 -0.00513581
1.220455e-007 -0.00546791
1.222455e-007 -0.00447163
1.224455e-007 -0.00613209
1.226455e-007 -0.00480372
1.228455e-007 -0.00513581
1.230455e-007 -0.00546791
1.232455e-007 -0.00513581
1.234455e-007 -0.00513581
1.236455e-007 -0.00513581
1.238455e-007 -0.00513581
1.240455e-007 -0.00546791
1.242455e-007 -0.00480372
1.244455e-007 -0.00513581
1.246455e-007 -0.00480372
1.248455e-007 -0.00447163
1.250455e-007 -0.00513581
1.252455e-007 -0.00447163
1.254455e-007 -0.00513581
1.256455e-007 -0.00513581
1.258455e-007 -0.00513581
1.260455e-007 -0.00513581
1.262455e-007 -0.00513581
1.264455e-007 -0.00513581
1.266455e-007 -0.00480372
1.268455e-007 -0.00447163
1.270455e-007 -0.00513581
1.272455e-007 -0.00480372
1.274455e-007 -0.00447163
1.276455e-007 -0.00480372
1.278455e-007 -0.00447163
1.280455e-007 -0.00480372
1.282455e-007 -0.00513581
1.284455e-007 -0.00513581
1.286455e-007 -0.00413953
1.288455e-007 -0.00480372
1.290455e-007 -0.00513581
1.292455e-007 -0.00546791
1.294455e-007 -0.00513581
1.296455e-007 -0.00513581
1.298455e-007 -0.00480372
1.300455e-007 -0.00513581
1.302455e-007 -0.00513581
1.304455e-007 -0.00546791
1.306455e-007 -0.0058
1.308455e-007 -0.00546791
1.310455e-007 -0.00513581
1.312455e-007 -0.00546791
1.314455e-007 -0.0058
1.316455e-007 -0.00546791
1.318455e-007 -0.00480372
1.320455e-007 -0.00513581
1.322455e-007 -0.00513581
1.324455e-007 -0.00480372
1.326455e-007 -0.00546791
1.328455e-007 -0.00480372
1.330455e-007 -0.00546791
1.332455e-007 -0.0058
1.334455e-007 -0.00513581
1.336455e-007 -0.0058
1.338455e-007 -0.00546791
1.340455e-007 -0.00646419
1.342455e-007 -0.00546791
1.344455e-007 -0.00546791
1.346455e-007 -0.00513581
1.348455e-007 -0.00546791
1.350455e-007 -0.00513581
1.352455e-007 -0.0058
1.354455e-007 -0.00546791
1.356455e-007 -0.00513581
1.358455e-007 -0.00513581
1.360455e-007 -0.00513581
1.362455e-007 -0.00513581
1.364455e-007 -0.0058
1.366455e-007 -0.00513581
1.368455e-007 -0.00613209
1.370455e-007 -0.00513581
1.372455e-007 -0.00613209
1.374455e-007 -0.0058
1.376455e-007 -0.0058
1.378455e-007 -0.00613209
1.380455e-007 -0.0058
1.382455e-007 -0.00546791
1.384455e-007 -0.00613209
1.386455e-007 -0.00513581
1.388455e-007 -0.00546791
1.390455e-007 -0.00546791
1.392455e-007 -0.00480372
1.394455e-007 -0.00646419
1.396455e-007 -0.0058
1.398455e-007 -0.00513581
1.400455e-007 -0.00613209
1.402455e-007 -0.00546791
1.404455e-007 -0.0058
1.406455e-007 -0.0058
1.408455e-007 -0.0058
1.410455e-007 -0.0058
1.412455e-007 -0.00613209
1.414455e-007 -0.00646419
1.416455e-007 -0.00613209
1.418455e-007 -0.0058
1.420455e-007 -0.00646419
1.422455e-007 -0.0058
1.424455e-007 -0.0058
1.426455e-007 -0.00646419
1.428455e-007 -0.00646419
1.430455e-007 -0.00613209
1.432455e-007 -0.00646419
1.434455e-007 -0.0058
1.436455e-007 -0.00613209
1.438455e-007 -0.00646419
1.440455e-007 -0.00613209
1.442455e-007 -0.00646419
1.444455e-007 -0.0058
1.446455e-007 -0.00546791
1.448455e-007 -0.00679628
1.450455e-007 -0.00646419
1.452455e-007 -0.00679628
1.454455e-007 -0.0058
1.456455e-007 -0.00646419
1.458455e-007 -0.00646419
1.460455e-007 -0.00646419
1.462455e-007 -0.00646419
1.464455e-007 -0.00646419
1.466455e-007 -0.00613209
1.468455e-007 -0.00679628
1.470455e-007 -0.00646419
1.472455e-007 -0.00613209
1.474455e-007 -0.00679628
1.476455e-007 -0.00712837
1.478455e-007 -0.00712837
1.480455e-007 -0.00646419
1.482455e-007 -0.00646419
1.484455e-007 -0.00679628
1.486455e-007 -0.00613209
1.488455e-007 -0.00546791
1.490455e-007 -0.00546791
1.492455e-007 -0.00613209
1.494455e-007 -0.0058
1.496455e-007 -0.00646419
1.498455e-007 -0.0058
1.500455e-007 -0.00646419
1.502455e-007 -0.0058
1.504455e-007 -0.00646419
1.506455e-007 -0.00646419
1.508455e-007 -0.00646419
1.510455e-007 -0.0058
1.512455e-007 -0.0058
1.514455e-007 -0.00546791
1.516455e-007 -0.0058
1.518455e-007 -0.0058
1.520455e-007 -0.00613209
1.522455e-007 -0.0058
1.524455e-007 -0.00646419
1.526455e-007 -0.00546791
1.528455e-007 -0.0058
1.530455e-007 -0.00613209
1.532455e-007 -0.00613209
1.534455e-007 -0.00646419
1.536455e-007 -0.0058
1.538455e-007 -0.0058
1.540455e-007 -0.0058
1.542455e-007 -0.0058
1.544455e-007 -0.00646419
1.546455e-007 -0.00546791
1.548455e-007 -0.0058
1.550455e-007 -0.0058
1.552455e-007 -0.0058
1.554455e-007 -0.00513581
1.556455e-007 -0.0058
1.558455e-007 -0.0058
1.560455e-007 -0.00546791
1.562455e-007 -0.00546791
1.564455e-007 -0.00646419
1.566455e-007 -0.00513581
1.568455e-007 -0.0058
1.570455e-007 -0.00546791
1.572455e-007 -0.00613209
1.574455e-007 -0.00513581
1.576455e-007 -0.0058
1.578455e-007 -0.00546791
1.580455e-007 -0.00546791
1.582455e-007 -0.00546791
1.584455e-007 -0.0058
1.586455e-007 -0.00513581
1.588455e-007 -0.00613209
1.590455e-007 -0.00513581
1.592455e-007 -0.0058
1.594455e-007 -0.00513581
1.596455e-007 -0.0058
1.598455e-007 -0.00613209
1.600455e-007 -0.0058
1.602455e-007 -0.00546791
1.604455e-007 -0.00480372
1.606455e-007 -0.00546791
1.608455e-007 -0.00646419
1.610455e-007 -0.00546791
1.612455e-007 -0.00613209
1.614455e-007 -0.00513581
1.616455e-007 -0.00613209
1.618455e-007 -0.00513581
1.620455e-007 -0.00546791
1.622455e-007 -0.00513581
1.624455e-007 -0.0058
1.626455e-007 -0.00546791
1.628455e-007 -0.0058
1.630455e-007 -0.00546791
1.632455e-007 -0.00513581
1.634455e-007 -0.00513581
1.636455e-007 -0.00546791
1.638455e-007 -0.00480372
1.640455e-007 -0.00513581
1.642455e-007 -0.00513581
1.644455e-007 -0.00513581
1.646455e-007 -0.00513581
1.648455e-007 -0.00513581
1.650455e-007 -0.00513581
1.652455e-007 -0.0058
1.654455e-007 -0.00513581
1.656455e-007 -0.00546791
1.658455e-007 -0.00480372
1.660455e-007 -0.00513581
1.662455e-007 -0.00546791
1.664455e-007 -0.00513581
1.666455e-007 -0.00513581
1.668455e-007 -0.00480372
1.670455e-007 -0.00513581
1.672455e-007 -0.0058
1.674455e-007 -0.0058
1.676455e-007 -0.00546791
1.678455e-007 -0.0058
1.680455e-007 -0.00546791
1.682455e-007 -0.00513581
1.684455e-007 -0.00513581
1.686455e-007 -0.00513581
1.688455e-007 -0.00646419
1.690455e-007 -0.00546791
1.692455e-007 -0.00546791
1.694455e-007 -0.00513581
1.696455e-007 -0.0058
1.698455e-007 -0.00546791
1.700455e-007 -0.00513581
1.702455e-007 -0.00513581
1.704455e-007 -0.0058
1.706455e-007 -0.00546791
1.708455e-007 -0.00613209
1.710455e-007 -0.00513581
1.712455e-007 -0.0058
1.714455e-007 -0.00513581
1.716455e-007 -0.00613209
1.718455e-007 -0.00546791
1.720455e-007 -0.0058
1.722455e-007 -0.00546791
1.724455e-007 -0.00513581
1.726455e-007 -0.0058
1.728455e-007 -0.0058
1.730455e-007 -0.00513581
1.732455e-007 -0.00613209
1.734455e-007 -0.00513581
1.736455e-007 -0.00546791
1.738455e-007 -0.00513581
1.740455e-007 -0.00546791
1.742455e-007 -0.0058
1.744455e-007 -0.00480372
1.746455e-007 -0.00546791
1.748455e-007 -0.00613209
1.750455e-007 -0.00513581
1.752455e-007 -0.00613209
1.754455e-007 -0.0058
1.756455e-007 -0.0058
1.758455e-007 -0.00546791
1.760455e-007 -0.00546791
1.762455e-007 -0.00513581
1.764455e-007 -0.00513581
1.766455e-007 -0.00546791
1.768455e-007 -0.00546791
1.770455e-007 -0.00513581
1.772455e-007 -0.0058
1.774455e-007 -0.0058
1.776455e-007 -0.00513581
1.778455e-007 -0.0058
1.780455e-007 -0.00613209
1.782455e-007 -0.00513581
1.784455e-007 -0.00613209
1.786455e-007 -0.00613209
1.788455e-007 -0.00546791
1.790455e-007 -0.00513581
1.792455e-007 -0.00513581
1.794455e-007 -0.00613209
1.796455e-007 -0.00546791
1.798455e-007 -0.00513581
1.800455e-007 -0.00646419
1.802455e-007 -0.00546791
1.804455e-007 -0.0058
1.806455e-007 -0.00546791
1.808455e-007 -0.00447163
1.810455e-007 -0.00513581
1.812455e-007 -0.00679628
1.814455e-007 -0.00513581
1.816455e-007 -0.0058
1.818455e-007 -0.00613209
1.820455e-007 -0.00646419
1.822455e-007 -0.00546791
1.824455e-007 -0.0058
1.826455e-007 -0.00613209
1.828455e-007 -0.0058
1.830455e-007 -0.0058
1.832455e-007 -0.00646419
1.834455e-007 -0.00613209
1.836455e-007 -0.00613209
1.838455e-007 -0.0058
1.840455e-007 -0.00613209
1.842455e-007 -0.00546791
1.844455e-007 -0.0058
1.846455e-007 -0.0058
1.848455e-007 -0.00646419
1.850455e-007 -0.00546791
1.852455e-007 -0.00613209
1.854455e-007 -0.00613209
1.856455e-007 -0.00613209
1.858455e-007 -0.00646419
1.860455e-007 -0.00646419
1.862455e-007 -0.00613209
1.864455e-007 -0.00646419
1.866455e-007 -0.00613209
1.868455e-007 -0.00613209
1.870455e-007 -0.0058
1.872455e-007 -0.00613209
1.874455e-007 -0.0058
1.876455e-007 -0.0058
1.878455e-007 -0.00513581
1.880455e-007 -0.0058
1.882455e-007 -0.0058
1.884455e-007 -0.00613209
1.886455e-007 -0.00513581
1.888455e-007 -0.0058
1.890455e-007 -0.00646419
1.892455e-007 -0.00613209
1.894455e-007 -0.00613209
1.896455e-007 -0.0058
1.898455e-007 -0.00513581
1.900455e-007 -0.00513581
1.902455e-007 -0.0058
1.904455e-007 -0.0058
1.906455e-007 -0.00513581
1.908455e-007 -0.00613209
1.910455e-007 -0.00546791
1.912455e-007 -0.00646419
1.914455e-007 -0.0058
1.916455e-007 -0.00613209
1.918455e-007 -0.00513581
1.920455e-007 -0.0058
1.922455e-007 -0.0058
1.924455e-007 -0.00546791
1.926455e-007 -0.0058
1.928455e-007 -0.00646419
1.930455e-007 -0.0058
1.932455e-007 -0.00646419
1.934455e-007 -0.00646419
1.936455e-007 -0.00613209
1.938455e-007 -0.00613209
1.940455e-007 -0.00613209
1.942455e-007 -0.00646419
1.944455e-007 -0.00646419
1.946455e-007 -0.00613209
1.948455e-007 -0.00646419
1.950455e-007 -0.00646419
1.952455e-007 -0.0058
1.954455e-007 -0.0058
1.956455e-007 -0.00613209
1.958455e-007 -0.00646419
1.960455e-007 -0.00646419
1.962455e-007 -0.00546791
1.964455e-007 -0.00613209
1.966455e-007 -0.00646419
1.968455e-007 -0.00679628
1.970455e-007 -0.00646419
1.972455e-007 -0.00712837
1.974455e-007 -0.00646419
1.976455e-007 -0.00679628
1.978455e-007 -0.00646419
1.980455e-007 -0.00679628
1.982455e-007 -0.00613209
1.984455e-007 -0.0058
1.986455e-007 -0.00613209
1.988455e-007 -0.00646419
1.990455e-007 -0.00613209
1.992455e-007 -0.00613209
1.994455e-007 -0.00646419
1.996455e-007 -0.00646419
1.998455e-007 -0.00646419
2.000455e-007 -0.0058
2.002455e-007 -0.00679628
2.004455e-007 -0.00646419
2.006455e-007 -0.0058
2.008455e-007 -0.00712837
2.010455e-007 -0.0058
2.012455e-007 -0.00679628
2.014455e-007 -0.00646419
2.016455e-007 -0.00646419
2.018455e-007 -0.00646419
2.020455e-007 -0.0058
2.022455e-007 -0.0058
2.024455e-007 -0.00613209
2.026455e-007 -0.0058
2.028455e-007 -0.00613209
2.030455e-007 -0.00613209
2.032455e-007 -0.00646419
2.034455e-007 -0.00646419
2.036455e-007 -0.0058
2.038455e-007 -0.00613209
2.040455e-007 -0.00679628
2.042455e-007 -0.0058
2.044455e-007 -0.00613209
2.046455e-007 -0.00546791
2.048455e-007 -0.00646419
2.050455e-007 -0.00646419
2.052455e-007 -0.00646419
2.054455e-007 -0.0058
2.056455e-007 -0.0058
2.058455e-007 -0.00613209
2.060455e-007 -0.0058
2.062455e-007 -0.00546791
2.064455e-007 -0.00646419
2.066455e-007 -0.0058
2.068455e-007 -0.00546791
2.070455e-007 -0.00513581
2.072455e-007 -0.0058
2.074455e-007 -0.00546791
2.076455e-007 -0.00646419
2.078455e-007 -0.0058
2.080455e-007 -0.0058
2.082455e-007 -0.0058
2.084455e-007 -0.0058
2.086455e-007 -0.0058
2.088455e-007 -0.00513581
2.090455e-007 -0.00513581
2.092455e-007 -0.00546791
2.094455e-007 -0.00480372
2.096455e-007 -0.00513581
2.098455e-007 -0.00513581
2.100455e-007 -0.00546791
2.102455e-007 -0.00546791
2.104455e-007 -0.00546791
2.106455e-007 -0.00513581
2.108455e-007 -0.00513581
2.110455e-007 -0.0058
2.112455e-007 -0.0058
2.114455e-007 -0.00546791
2.116455e-007 -0.0058
2.118455e-007 -0.0058
2.120455e-007 -0.00679628
2.122455e-007 -0.00546791
2.124455e-007 -0.00613209
2.126455e-007 -0.00613209
2.128455e-007 -0.0058
2.130455e-007 -0.00546791
2.132455e-007 -0.0058
2.134455e-007 -0.0058
2.136455e-007 -0.00613209
2.138455e-007 -0.0058
2.140455e-007 -0.0058
2.142455e-007 -0.00546791
2.144455e-007 -0.00613209
2.146455e-007 -0.0058
2.148455e-007 -0.00546791
2.150455e-007 -0.0058
2.152455e-007 -0.00613209
2.154455e-007 -0.0058
2.156455e-007 -0.00646419
2.158455e-007 -0.00613209
2.160455e-007 -0.00513581
2.162455e-007 -0.0058
2.164455e-007 -0.00646419
2.166455e-007 -0.0058
2.168455e-007 -0.00646419
2.170455e-007 -0.00546791
2.172455e-007 -0.00646419
2.174455e-007 -0.00513581
2.176455e-007 -0.0058
2.178455e-007 -0.0058
2.180455e-007 -0.00613209
2.182455e-007 -0.0058
2.184455e-007 -0.00613209
2.186455e-007 -0.00546791
2.188455e-007 -0.00513581
2.190455e-007 -0.0058
2.192455e-007 -0.00613209
2.194455e-007 -0.0058
2.196455e-007 -0.0058
2.198455e-007 -0.00546791
2.200455e-007 -0.0058
2.202455e-007 -0.00546791
2.204455e-007 -0.0058
2.206455e-007 -0.00513581
2.208455e-007 -0.0058
2.210455e-007 -0.0058
2.212455e-007 -0.00513581
2.214455e-007 -0.00546791
2.216455e-007 -0.0058
2.218455e-007 -0.00513581
2.220455e-007 -0.00613209
2.222455e-007 -0.00546791
2.224455e-007 -0.0058
2.226455e-007 -0.00546791
2.228455e-007 -0.00513581
2.230455e-007 -0.0058
2.232455e-007 -0.00546791
2.234455e-007 -0.0058
2.236455e-007 -0.0058
2.238455e-007 -0.0058
2.240455e-007 -0.0058
2.242455e-007 -0.00513581
2.244455e-007 -0.00613209
2.246455e-007 -0.0058
2.248455e-007 -0.00613209
2.250455e-007 -0.00546791
2.252455e-007 -0.00546791
2.254455e-007 -0.00513581
2.256455e-007 -0.0058
2.258455e-007 -0.00513581
2.260455e-007 -0.0058
2.262455e-007 -0.0058
2.264455e-007 -0.00546791
2.266455e-007 -0.0058
2.268455e-007 -0.00546791
2.270455e-007 -0.00513581
2.272455e-007 -0.0058
2.274455e-007 -0.00546791
2.276455e-007 -0.0058
2.278455e-007 -0.00546791
2.280455e-007 -0.00546791
2.282455e-007 -0.00480372
2.284455e-007 -0.00513581
2.286455e-007 -0.00513581
2.288455e-007 -0.00546791
2.290455e-007 -0.00513581
2.292455e-007 -0.00546791
2.294455e-007 -0.00513581
2.296455e-007 -0.00546791
2.298455e-007 -0.00480372
2.300455e-007 -0.00546791
2.302455e-007 -0.00480372
2.304455e-007 -0.00513581
2.306455e-007 -0.00546791
2.308455e-007 -0.00513581
2.310455e-007 -0.00546791
2.312455e-007 -0.00613209
2.314455e-007 -0.00546791
2.316455e-007 -0.00513581
2.318455e-007 -0.00513581
2.320455e-007 -0.00480372
2.322455e-007 -0.00513581
2.324455e-007 -0.00546791
2.326455e-007 -0.00480372
2.328455e-007 -0.00480372
2.330455e-007 -0.00447163
2.332455e-007 -0.00447163
2.334455e-007 -0.00447163
2.336455e-007 -0.00447163
2.338455e-007 -0.00546791
2.340455e-007 -0.00480372
2.342455e-007 -0.00480372
2.344455e-007 -0.00480372
2.346455e-007 -0.00480372
2.348455e-007 -0.00447163
2.350455e-007 -0.00480372
2.352455e-007 -0.00447163
2.354455e-007 -0.00480372
2.356455e-007 -0.00480372
2.358455e-007 -0.00480372
2.360455e-007 -0.00513581
2.362455e-007 -0.00480372
2.364455e-007 -0.00513581
2.366455e-007 -0.00447163
2.368455e-007 -0.00480372
2.370455e-007 -0.00480372
2.372455e-007 -0.00447163
2.374455e-007 -0.00480372
2.376455e-007 -0.00480372
2.378455e-007 -0.00480372
2.380455e-007 -0.0058
2.382455e-007 -0.00480372
2.384455e-007 -0.00480372
2.386455e-007 -0.00513581
2.388455e-007 -0.00513581
2.390455e-007 -0.00546791
2.392455e-007 -0.00513581
2.394455e-007 -0.00480372
2.396455e-007 -0.00447163
2.398455e-007 -0.00513581
2.400455e-007 -0.00480372
2.402455e-007 -0.00480372
2.404455e-007 -0.00513581
2.406455e-007 -0.00513581
2.408455e-007 -0.00546791
2.410455e-007 -0.00513581
2.412455e-007 -0.00480372
2.414455e-007 -0.00546791
2.416455e-007 -0.00546791
2.418455e-007 -0.00513581
2.420455e-007 -0.00546791
2.422455e-007 -0.0058
2.424455e-007 -0.0058
2.426455e-007 -0.00546791
2.428455e-007 -0.00546791
2.430455e-007 -0.0058
2.432455e-007 -0.00546791
2.434455e-007 -0.00546791
2.436455e-007 -0.00546791
2.438455e-007 -0.00513581
2.440455e-007 -0.0058
2.442455e-007 -0.00546791
2.444455e-007 -0.00613209
2.446455e-007 -0.00613209
2.448455e-007 -0.0058
2.450455e-007 -0.0058
2.452455e-007 -0.00646419
2.454455e-007 -0.00646419
2.456455e-007 -0.00613209
2.458455e-007 -0.00546791
2.460455e-007 -0.00613209
2.462455e-007 -0.00513581
2.464455e-007 -0.00613209
2.466455e-007 -0.00546791
2.468455e-007 -0.00546791
2.470455e-007 -0.00513581
2.472455e-007 -0.0058
2.474455e-007 -0.00646419
2.476455e-007 -0.0058
2.478455e-007 -0.0058
2.480455e-007 -0.00646419
2.482455e-007 -0.00613209
2.484455e-007 -0.00613209
2.486455e-007 -0.00646419
2.488455e-007 -0.00613209
2.490455e-007 -0.0058
2.492455e-007 -0.00613209
2.494455e-007 -0.00613209
2.496455e-007 -0.00613209
2.498455e-007 -0.00613209
2.500455e-007 -0.00646419
