-2.500873e-007 0.00207906
-2.498873e-007 0.00141488
-2.496873e-007 0.00174697
-2.494873e-007 0.00108278
-2.492873e-007 0.00141488
-2.490873e-007 0.00141488
-2.488873e-007 0.00207906
-2.486873e-007 0.00174697
-2.484873e-007 0.00174697
-2.482873e-007 0.00108278
-2.480873e-007 0.00207906
-2.478873e-007 0.00141488
-2.476873e-007 0.00174697
-2.474873e-007 0.00141488
-2.472873e-007 0.00141488
-2.470873e-007 0.00141488
-2.468873e-007 0.00108278
-2.466873e-007 0.00141488
-2.464873e-007 0.00207906
-2.462873e-007 0.00207906
-2.460873e-007 0.00174697
-2.458873e-007 0.00141488
-2.456873e-007 0.00207906
-2.454873e-007 0.00174697
-2.452873e-007 0.00174697
-2.450873e-007 0.00174697
-2.448873e-007 0.00274325
-2.446873e-007 0.00241116
-2.444873e-007 0.00174697
-2.442873e-007 0.00207906
-2.440873e-007 0.00207906
-2.438873e-007 0.00241116
-2.436873e-007 0.00241116
-2.434873e-007 0.00207906
-2.432873e-007 0.00141488
-2.430873e-007 0.00141488
-2.428873e-007 0.00174697
-2.426873e-007 0.00174697
-2.424873e-007 0.00241116
-2.422873e-007 0.00207906
-2.420873e-007 0.00174697
-2.418873e-007 0.00174697
-2.416873e-007 0.00141488
-2.414873e-007 0.00141488
-2.412873e-007 0.00141488
-2.410873e-007 0.00241116
-2.408873e-007 0.00174697
-2.406873e-007 0.00207906
-2.404873e-007 0.00241116
-2.402873e-007 0.00174697
-2.400873e-007 0.00207906
-2.398873e-007 0.00141488
-2.396873e-007 0.00207906
-2.394873e-007 0.00174697
-2.392873e-007 0.00207906
-2.390873e-007 0.00241116
-2.388873e-007 0.00207906
-2.386873e-007 0.00241116
-2.384873e-007 0.00207906
-2.382873e-007 0.00207906
-2.380873e-007 0.00241116
-2.378873e-007 0.00141488
-2.376873e-007 0.00207906
-2.374873e-007 0.00174697
-2.372873e-007 0.00207906
-2.370873e-007 0.00207906
-2.368873e-007 0.00174697
-2.366873e-007 0.00207906
-2.364873e-007 0.00207906
-2.362873e-007 0.00274325
-2.360873e-007 0.00274325
-2.358873e-007 0.00207906
-2.356873e-007 0.00274325
-2.354873e-007 0.00241116
-2.352873e-007 0.00274325
-2.350873e-007 0.00207906
-2.348873e-007 0.00174697
-2.346873e-007 0.00241116
-2.344873e-007 0.00241116
-2.342873e-007 0.00207906
-2.340873e-007 0.00274325
-2.338873e-007 0.00274325
-2.336873e-007 0.00274325
-2.334873e-007 0.00207906
-2.332873e-007 0.00141488
-2.330873e-007 0.00307535
-2.328873e-007 0.00241116
-2.326873e-007 0.00207906
-2.324873e-007 0.00274325
-2.322873e-007 0.00207906
-2.320873e-007 0.00241116
-2.318873e-007 0.00207906
-2.316873e-007 0.00241116
-2.314873e-007 0.00241116
-2.312873e-007 0.00207906
-2.310873e-007 0.00241116
-2.308873e-007 0.00241116
-2.306873e-007 0.00174697
-2.304873e-007 0.00207906
-2.302873e-007 0.00141488
-2.300873e-007 0.00174697
-2.298873e-007 0.00207906
-2.296873e-007 0.00207906
-2.294873e-007 0.00207906
-2.292873e-007 0.00207906
-2.290873e-007 0.00207906
-2.288873e-007 0.00174697
-2.286873e-007 0.00207906
-2.284873e-007 0.00274325
-2.282873e-007 0.00207906
-2.280873e-007 0.00207906
-2.278873e-007 0.00141488
-2.276873e-007 0.00241116
-2.274873e-007 0.00174697
-2.272873e-007 0.00241116
-2.270873e-007 0.00274325
-2.268873e-007 0.00241116
-2.266873e-007 0.00207906
-2.264873e-007 0.00174697
-2.262873e-007 0.00207906
-2.260873e-007 0.00207906
-2.258873e-007 0.00141488
-2.256873e-007 0.00174697
-2.254873e-007 0.00241116
-2.252873e-007 0.00207906
-2.250873e-007 0.00207906
-2.248873e-007 0.00174697
-2.246873e-007 0.00207906
-2.244873e-007 0.00207906
-2.242873e-007 0.00207906
-2.240873e-007 0.00241116
-2.238873e-007 0.00207906
-2.236873e-007 0.00207906
-2.234873e-007 0.00241116
-2.232873e-007 0.00207906
-2.230873e-007 0.00174697
-2.228873e-007 0.00207906
-2.226873e-007 0.00174697
-2.224873e-007 0.00241116
-2.222873e-007 0.00174697
-2.220873e-007 0.00207906
-2.218873e-007 0.00241116
-2.216873e-007 0.00274325
-2.214873e-007 0.00241116
-2.212873e-007 0.00207906
-2.210873e-007 0.00241116
-2.208873e-007 0.00207906
-2.206873e-007 0.00141488
-2.204873e-007 0.00207906
-2.202873e-007 0.00274325
-2.200873e-007 0.00241116
-2.198873e-007 0.00241116
-2.196873e-007 0.00174697
-2.194873e-007 0.00241116
-2.192873e-007 0.00274325
-2.190873e-007 0.00141488
-2.188873e-007 0.00141488
-2.186873e-007 0.00174697
-2.184873e-007 0.00241116
-2.182873e-007 0.00174697
-2.180873e-007 0.00207906
-2.178873e-007 0.00141488
-2.176873e-007 0.00207906
-2.174873e-007 0.00141488
-2.172873e-007 0.00174697
-2.170873e-007 0.00174697
-2.168873e-007 0.00207906
-2.166873e-007 0.00141488
-2.164873e-007 0.00207906
-2.162873e-007 0.00207906
-2.160873e-007 0.00174697
-2.158873e-007 0.00241116
-2.156873e-007 0.00207906
-2.154873e-007 0.00241116
-2.152873e-007 0.00207906
-2.150873e-007 0.00141488
-2.148873e-007 0.00241116
-2.146873e-007 0.00207906
-2.144873e-007 0.00174697
-2.142873e-007 0.00174697
-2.140873e-007 0.00141488
-2.138873e-007 0.00207906
-2.136873e-007 0.00207906
-2.134873e-007 0.00207906
-2.132873e-007 0.00174697
-2.130873e-007 0.00108278
-2.128873e-007 0.00207906
-2.126873e-007 0.00174697
-2.124873e-007 0.00174697
-2.122873e-007 0.00141488
-2.120873e-007 0.00141488
-2.118873e-007 0.00174697
-2.116873e-007 0.00174697
-2.114873e-007 0.00141488
-2.112873e-007 0.00141488
-2.110873e-007 0.00141488
-2.108873e-007 0.00174697
-2.106873e-007 0.00207906
-2.104873e-007 0.00207906
-2.102873e-007 0.00174697
-2.100873e-007 0.00207906
-2.098873e-007 0.00141488
-2.096873e-007 0.00207906
-2.094873e-007 0.00174697
-2.092873e-007 0.00207906
-2.090873e-007 0.00174697
-2.088873e-007 0.00174697
-2.086873e-007 0.00141488
-2.084873e-007 0.00141488
-2.082873e-007 0.00141488
-2.080873e-007 0.00207906
-2.078873e-007 0.00241116
-2.076873e-007 0.00241116
-2.074873e-007 0.00141488
-2.072873e-007 0.00241116
-2.070873e-007 0.00207906
-2.068873e-007 0.00241116
-2.066873e-007 0.00207906
-2.064873e-007 0.00241116
-2.062873e-007 0.00174697
-2.060873e-007 0.00207906
-2.058873e-007 0.00141488
-2.056873e-007 0.00207906
-2.054873e-007 0.00207906
-2.052873e-007 0.00174697
-2.050873e-007 0.00174697
-2.048873e-007 0.00207906
-2.046873e-007 0.00174697
-2.044873e-007 0.00174697
-2.042873e-007 0.00174697
-2.040873e-007 0.00174697
-2.038873e-007 0.00207906
-2.036873e-007 0.00141488
-2.034873e-007 0.00207906
-2.032873e-007 0.00241116
-2.030873e-007 0.00174697
-2.028873e-007 0.00174697
-2.026873e-007 0.00141488
-2.024873e-007 0.00241116
-2.022873e-007 0.00141488
-2.020873e-007 0.00274325
-2.018873e-007 0.00141488
-2.016873e-007 0.00141488
-2.014873e-007 0.00207906
-2.012873e-007 0.00174697
-2.010873e-007 0.00174697
-2.008873e-007 0.00174697
-2.006873e-007 0.00141488
-2.004873e-007 0.00174697
-2.002873e-007 0.00207906
-2.000873e-007 0.00241116
-1.998873e-007 0.00141488
-1.996873e-007 0.00141488
-1.994873e-007 0.00241116
-1.992873e-007 0.00174697
-1.990873e-007 0.00141488
-1.988873e-007 0.00174697
-1.986873e-007 0.00174697
-1.984873e-007 0.00174697
-1.982873e-007 0.00174697
-1.980873e-007 0.00207906
-1.978873e-007 0.00207906
-1.976873e-007 0.00174697
-1.974873e-007 0.00207906
-1.972873e-007 0.00207906
-1.970873e-007 0.00174697
-1.968873e-007 0.00174697
-1.966873e-007 0.00207906
-1.964873e-007 0.00174697
-1.962873e-007 0.00141488
-1.960873e-007 0.00207906
-1.958873e-007 0.00207906
-1.956873e-007 0.00141488
-1.954873e-007 0.00207906
-1.952873e-007 0.00207906
-1.950873e-007 0.00141488
-1.948873e-007 0.00141488
-1.946873e-007 0.00241116
-1.944873e-007 0.00174697
-1.942873e-007 0.00274325
-1.940873e-007 0.00207906
-1.938873e-007 0.00141488
-1.936873e-007 0.00207906
-1.934873e-007 0.00174697
-1.932873e-007 0.00174697
-1.930873e-007 0.00241116
-1.928873e-007 0.00174697
-1.926873e-007 0.00207906
-1.924873e-007 0.00174697
-1.922873e-007 0.00141488
-1.920873e-007 0.00174697
-1.918873e-007 0.00141488
-1.916873e-007 0.00141488
-1.914873e-007 0.00174697
-1.912873e-007 0.00174697
-1.910873e-007 0.00207906
-1.908873e-007 0.00207906
-1.906873e-007 0.00174697
-1.904873e-007 0.00174697
-1.902873e-007 0.00174697
-1.900873e-007 0.00141488
-1.898873e-007 0.00207906
-1.896873e-007 0.00241116
-1.894873e-007 0.00174697
-1.892873e-007 0.00174697
-1.890873e-007 0.00141488
-1.888873e-007 0.00207906
-1.886873e-007 0.00274325
-1.884873e-007 0.00274325
-1.882873e-007 0.00141488
-1.880873e-007 0.00207906
-1.878873e-007 0.00274325
-1.876873e-007 0.00141488
-1.874873e-007 0.00141488
-1.872873e-007 0.00174697
-1.870873e-007 0.00174697
-1.868873e-007 0.00174697
-1.866873e-007 0.00174697
-1.864873e-007 0.00141488
-1.862873e-007 0.00141488
-1.860873e-007 0.00174697
-1.858873e-007 0.00174697
-1.856873e-007 0.00274325
-1.854873e-007 0.00207906
-1.852873e-007 0.00174697
-1.850873e-007 0.00241116
-1.848873e-007 0.00207906
-1.846873e-007 0.00141488
-1.844873e-007 0.00274325
-1.842873e-007 0.00207906
-1.840873e-007 0.00141488
-1.838873e-007 0.00207906
-1.836873e-007 0.00141488
-1.834873e-007 0.00207906
-1.832873e-007 0.00174697
-1.830873e-007 0.00207906
-1.828873e-007 0.00207906
-1.826873e-007 0.00207906
-1.824873e-007 0.00274325
-1.822873e-007 0.00274325
-1.820873e-007 0.00207906
-1.818873e-007 0.00241116
-1.816873e-007 0.00207906
-1.814873e-007 0.00241116
-1.812873e-007 0.00274325
-1.810873e-007 0.00207906
-1.808873e-007 0.00274325
-1.806873e-007 0.00207906
-1.804873e-007 0.00241116
-1.802873e-007 0.00207906
-1.800873e-007 0.00207906
-1.798873e-007 0.00207906
-1.796873e-007 0.00274325
-1.794873e-007 0.00241116
-1.792873e-007 0.00174697
-1.790873e-007 0.00207906
-1.788873e-007 0.00274325
-1.786873e-007 0.00241116
-1.784873e-007 0.00241116
-1.782873e-007 0.00174697
-1.780873e-007 0.00241116
-1.778873e-007 0.00207906
-1.776873e-007 0.00274325
-1.774873e-007 0.00207906
-1.772873e-007 0.00207906
-1.770873e-007 0.00274325
-1.768873e-007 0.00207906
-1.766873e-007 0.00241116
-1.764873e-007 0.00207906
-1.762873e-007 0.00207906
-1.760873e-007 0.00207906
-1.758873e-007 0.00241116
-1.756873e-007 0.00241116
-1.754873e-007 0.00207906
-1.752873e-007 0.00141488
-1.750873e-007 0.00174697
-1.748873e-007 0.00174697
-1.746873e-007 0.00207906
-1.744873e-007 0.00307535
-1.742873e-007 0.00241116
-1.740873e-007 0.00241116
-1.738873e-007 0.00207906
-1.736873e-007 0.00241116
-1.734873e-007 0.00207906
-1.732873e-007 0.00274325
-1.730873e-007 0.00174697
-1.728873e-007 0.00207906
-1.726873e-007 0.00207906
-1.724873e-007 0.00207906
-1.722873e-007 0.00207906
-1.720873e-007 0.00274325
-1.718873e-007 0.00274325
-1.716873e-007 0.00274325
-1.714873e-007 0.00207906
-1.712873e-007 0.00274325
-1.710873e-007 0.00241116
-1.708873e-007 0.00207906
-1.706873e-007 0.00207906
-1.704873e-007 0.00174697
-1.702873e-007 0.00174697
-1.700873e-007 0.00241116
-1.698873e-007 0.00141488
-1.696873e-007 0.00207906
-1.694873e-007 0.00207906
-1.692873e-007 0.00241116
-1.690873e-007 0.00174697
-1.688873e-007 0.00174697
-1.686873e-007 0.00241116
-1.684873e-007 0.00274325
-1.682873e-007 0.00207906
-1.680873e-007 0.00207906
-1.678873e-007 0.00207906
-1.676873e-007 0.00207906
-1.674873e-007 0.00174697
-1.672873e-007 0.00241116
-1.670873e-007 0.00207906
-1.668873e-007 0.00174697
-1.666873e-007 0.00174697
-1.664873e-007 0.00241116
-1.662873e-007 0.00207906
-1.660873e-007 0.00207906
-1.658873e-007 0.00274325
-1.656873e-007 0.00207906
-1.654873e-007 0.00207906
-1.652873e-007 0.00174697
-1.650873e-007 0.00174697
-1.648873e-007 0.00141488
-1.646873e-007 0.00207906
-1.644873e-007 0.00274325
-1.642873e-007 0.00241116
-1.640873e-007 0.00241116
-1.638873e-007 0.00207906
-1.636873e-007 0.00207906
-1.634873e-007 0.00207906
-1.632873e-007 0.00207906
-1.630873e-007 0.00241116
-1.628873e-007 0.00207906
-1.626873e-007 0.00241116
-1.624873e-007 0.00274325
-1.622873e-007 0.00207906
-1.620873e-007 0.00241116
-1.618873e-007 0.00241116
-1.616873e-007 0.00274325
-1.614873e-007 0.00174697
-1.612873e-007 0.00207906
-1.610873e-007 0.00207906
-1.608873e-007 0.00241116
-1.606873e-007 0.00141488
-1.604873e-007 0.00174697
-1.602873e-007 0.00207906
-1.600873e-007 0.00241116
-1.598873e-007 0.00141488
-1.596873e-007 0.00207906
-1.594873e-007 0.00207906
-1.592873e-007 0.00207906
-1.590873e-007 0.00207906
-1.588873e-007 0.00207906
-1.586873e-007 0.00141488
-1.584873e-007 0.00207906
-1.582873e-007 0.00241116
-1.580873e-007 0.00174697
-1.578873e-007 0.00174697
-1.576873e-007 0.00174697
-1.574873e-007 0.00174697
-1.572873e-007 0.00207906
-1.570873e-007 0.00207906
-1.568873e-007 0.00207906
-1.566873e-007 0.00274325
-1.564873e-007 0.00174697
-1.562873e-007 0.00174697
-1.560873e-007 0.00241116
-1.558873e-007 0.00207906
-1.556873e-007 0.00241116
-1.554873e-007 0.00141488
-1.552873e-007 0.00207906
-1.550873e-007 0.00174697
-1.548873e-007 0.00241116
-1.546873e-007 0.00174697
-1.544873e-007 0.00241116
-1.542873e-007 0.00207906
-1.540873e-007 0.00274325
-1.538873e-007 0.00207906
-1.536873e-007 0.00174697
-1.534873e-007 0.00174697
-1.532873e-007 0.00174697
-1.530873e-007 0.00241116
-1.528873e-007 0.00141488
-1.526873e-007 0.00174697
-1.524873e-007 0.00207906
-1.522873e-007 0.00174697
-1.520873e-007 0.00274325
-1.518873e-007 0.00207906
-1.516873e-007 0.00207906
-1.514873e-007 0.00207906
-1.512873e-007 0.00241116
-1.510873e-007 0.00207906
-1.508873e-007 0.00174697
-1.506873e-007 0.00241116
-1.504873e-007 0.00207906
-1.502873e-007 0.00241116
-1.500873e-007 0.00174697
-1.498873e-007 0.00207906
-1.496873e-007 0.00241116
-1.494873e-007 0.00241116
-1.492873e-007 0.00207906
-1.490873e-007 0.00241116
-1.488873e-007 0.00241116
-1.486873e-007 0.00241116
-1.484873e-007 0.00274325
-1.482873e-007 0.00174697
-1.480873e-007 0.00241116
-1.478873e-007 0.00141488
-1.476873e-007 0.00174697
-1.474873e-007 0.00207906
-1.472873e-007 0.00174697
-1.470873e-007 0.00207906
-1.468873e-007 0.00241116
-1.466873e-007 0.00174697
-1.464873e-007 0.00274325
-1.462873e-007 0.00174697
-1.460873e-007 0.00207906
-1.458873e-007 0.00174697
-1.456873e-007 0.00241116
-1.454873e-007 0.00174697
-1.452873e-007 0.00207906
-1.450873e-007 0.00207906
-1.448873e-007 0.00207906
-1.446873e-007 0.00241116
-1.444873e-007 0.00141488
-1.442873e-007 0.00207906
-1.440873e-007 0.00274325
-1.438873e-007 0.00174697
-1.436873e-007 0.00307535
-1.434873e-007 0.00174697
-1.432873e-007 0.00174697
-1.430873e-007 0.00207906
-1.428873e-007 0.00274325
-1.426873e-007 0.00241116
-1.424873e-007 0.00207906
-1.422873e-007 0.00241116
-1.420873e-007 0.00274325
-1.418873e-007 0.00207906
-1.416873e-007 0.00241116
-1.414873e-007 0.00207906
-1.412873e-007 0.00274325
-1.410873e-007 0.00241116
-1.408873e-007 0.00241116
-1.406873e-007 0.00174697
-1.404873e-007 0.00207906
-1.402873e-007 0.00174697
-1.400873e-007 0.00207906
-1.398873e-007 0.00207906
-1.396873e-007 0.00174697
-1.394873e-007 0.00174697
-1.392873e-007 0.00207906
-1.390873e-007 0.00174697
-1.388873e-007 0.00207906
-1.386873e-007 0.00241116
-1.384873e-007 0.00207906
-1.382873e-007 0.00274325
-1.380873e-007 0.00207906
-1.378873e-007 0.00207906
-1.376873e-007 0.00274325
-1.374873e-007 0.00274325
-1.372873e-007 0.00207906
-1.370873e-007 0.00207906
-1.368873e-007 0.00274325
-1.366873e-007 0.00174697
-1.364873e-007 0.00241116
-1.362873e-007 0.00207906
-1.360873e-007 0.00174697
-1.358873e-007 0.00207906
-1.356873e-007 0.00207906
-1.354873e-007 0.00241116
-1.352873e-007 0.00241116
-1.350873e-007 0.00207906
-1.348873e-007 0.00241116
-1.346873e-007 0.00174697
-1.344873e-007 0.00241116
-1.342873e-007 0.00207906
-1.340873e-007 0.00141488
-1.338873e-007 0.00207906
-1.336873e-007 0.00274325
-1.334873e-007 0.00207906
-1.332873e-007 0.00174697
-1.330873e-007 0.00174697
-1.328873e-007 0.00141488
-1.326873e-007 0.00141488
-1.324873e-007 0.00207906
-1.322873e-007 0.00207906
-1.320873e-007 0.00207906
-1.318873e-007 0.00207906
-1.316873e-007 0.00207906
-1.314873e-007 0.00141488
-1.312873e-007 0.00207906
-1.310873e-007 0.00207906
-1.308873e-007 0.00141488
-1.306873e-007 0.00207906
-1.304873e-007 0.00141488
-1.302873e-007 0.00241116
-1.300873e-007 0.00207906
-1.298873e-007 0.00174697
-1.296873e-007 0.00241116
-1.294873e-007 0.00207906
-1.292873e-007 0.00241116
-1.290873e-007 0.00241116
-1.288873e-007 0.00241116
-1.286873e-007 0.00207906
-1.284873e-007 0.00274325
-1.282873e-007 0.00274325
-1.280873e-007 0.00241116
-1.278873e-007 0.00207906
-1.276873e-007 0.00241116
-1.274873e-007 0.00174697
-1.272873e-007 0.00174697
-1.270873e-007 0.00207906
-1.268873e-007 0.00174697
-1.266873e-007 0.00207906
-1.264873e-007 0.00241116
-1.262873e-007 0.00174697
-1.260873e-007 0.00207906
-1.258873e-007 0.00241116
-1.256873e-007 0.00207906
-1.254873e-007 0.00207906
-1.252873e-007 0.00241116
-1.250873e-007 0.00274325
-1.248873e-007 0.00241116
-1.246873e-007 0.00241116
-1.244873e-007 0.00241116
-1.242873e-007 0.00274325
-1.240873e-007 0.00274325
-1.238873e-007 0.00241116
-1.236873e-007 0.00274325
-1.234873e-007 0.00241116
-1.232873e-007 0.00241116
-1.230873e-007 0.00241116
-1.228873e-007 0.00174697
-1.226873e-007 0.00241116
-1.224873e-007 0.00207906
-1.222873e-007 0.00241116
-1.220873e-007 0.00241116
-1.218873e-007 0.00207906
-1.216873e-007 0.00241116
-1.214873e-007 0.00241116
-1.212873e-007 0.00307535
-1.210873e-007 0.00274325
-1.208873e-007 0.00340744
-1.206873e-007 0.00274325
-1.204873e-007 0.00241116
-1.202873e-007 0.00274325
-1.200873e-007 0.00340744
-1.198873e-007 0.00241116
-1.196873e-007 0.00307535
-1.194873e-007 0.00174697
-1.192873e-007 0.00174697
-1.190873e-007 0.000750691
-1.188873e-007 0.00141488
-1.186873e-007 8.65037e-005
-1.184873e-007 0.000418597
-1.182873e-007 -0.000577683
-1.180873e-007 0.000418597
-1.178873e-007 -0.000577683
-1.176873e-007 8.65037e-005
-1.174873e-007 8.65037e-005
-1.172873e-007 -0.00024559
-1.170873e-007 -0.00024559
-1.168873e-007 0.000418597
-1.166873e-007 0.00141488
-1.164873e-007 0.000750691
-1.162873e-007 0.00174697
-1.160873e-007 0.00241116
-1.158873e-007 0.00307535
-1.156873e-007 0.00274325
-1.154873e-007 0.00274325
-1.152873e-007 0.00373953
-1.150873e-007 0.00340744
-1.148873e-007 0.00340744
-1.146873e-007 0.00340744
-1.144873e-007 0.00340744
-1.142873e-007 0.00340744
-1.140873e-007 0.00340744
-1.138873e-007 0.00207906
-1.136873e-007 0.00241116
-1.134873e-007 0.00241116
-1.132873e-007 0.00241116
-1.130873e-007 0.00307535
-1.128873e-007 0.00241116
-1.126873e-007 0.00207906
-1.124873e-007 0.00174697
-1.122873e-007 0.00241116
-1.120873e-007 0.00141488
-1.118873e-007 0.00174697
-1.116873e-007 0.00174697
-1.114873e-007 0.00141488
-1.112873e-007 0.00141488
-1.110873e-007 0.00141488
-1.108873e-007 0.00108278
-1.106873e-007 0.00108278
-1.104873e-007 0.00241116
-1.102873e-007 0.00141488
-1.100873e-007 0.00141488
-1.098873e-007 0.00108278
-1.096873e-007 0.00141488
-1.094873e-007 0.00174697
-1.092873e-007 0.00108278
-1.090873e-007 0.00141488
-1.088873e-007 0.00174697
-1.086873e-007 0.00174697
-1.084873e-007 0.00108278
-1.082873e-007 0.00141488
-1.080873e-007 0.00241116
-1.078873e-007 0.00207906
-1.076873e-007 0.00340744
-1.074873e-007 0.00207906
-1.072873e-007 0.00241116
-1.070873e-007 0.00274325
-1.068873e-007 0.00241116
-1.066873e-007 0.00274325
-1.064873e-007 0.00274325
-1.062873e-007 0.00274325
-1.060873e-007 0.00241116
-1.058873e-007 0.00207906
-1.056873e-007 0.00241116
-1.054873e-007 0.00207906
-1.052873e-007 0.00141488
-1.050873e-007 0.00241116
-1.048873e-007 0.00274325
-1.046873e-007 0.00241116
-1.044873e-007 0.00207906
-1.042873e-007 0.00207906
-1.040873e-007 0.00274325
-1.038873e-007 0.00274325
-1.036873e-007 0.00274325
-1.034873e-007 0.00174697
-1.032873e-007 0.00174697
-1.030873e-007 0.00174697
-1.028873e-007 0.00141488
-1.026873e-007 0.00207906
-1.024873e-007 0.00174697
-1.022873e-007 0.00141488
-1.020873e-007 0.00174697
-1.018873e-007 0.00141488
-1.016873e-007 0.00141488
-1.014873e-007 0.00141488
-1.012873e-007 0.00174697
-1.010873e-007 0.00141488
-1.008873e-007 0.000750691
-1.006873e-007 0.00207906
-1.004873e-007 0.00174697
-1.002873e-007 0.00141488
-1.000873e-007 0.00141488
-9.988732e-008 0.00141488
-9.968732e-008 0.00207906
-9.948732e-008 0.00174697
-9.928732e-008 0.00274325
-9.908732e-008 0.00174697
-9.888732e-008 0.00207906
-9.868732e-008 0.00241116
-9.848732e-008 0.00207906
-9.828732e-008 0.00241116
-9.808732e-008 0.00174697
-9.788732e-008 0.00174697
-9.768732e-008 0.00174697
-9.748732e-008 0.00241116
-9.728732e-008 0.00241116
-9.708732e-008 0.00274325
-9.688732e-008 0.00307535
-9.668732e-008 0.00307535
-9.648732e-008 0.00307535
-9.628732e-008 0.00340744
-9.608732e-008 0.00307535
-9.588732e-008 0.00274325
-9.568732e-008 0.00340744
-9.548732e-008 0.00407163
-9.528732e-008 0.00373953
-9.508732e-008 0.00340744
-9.488732e-008 0.00340744
-9.468732e-008 0.00340744
-9.448732e-008 0.00340744
-9.428732e-008 0.00340744
-9.408732e-008 0.00274325
-9.388732e-008 0.00307535
-9.368732e-008 0.00274325
-9.348732e-008 0.00207906
-9.328732e-008 0.00307535
-9.308732e-008 0.00207906
-9.288732e-008 0.00207906
-9.268732e-008 0.00241116
-9.248732e-008 0.00108278
-9.228732e-008 0.00174697
-9.208732e-008 0.00207906
-9.188732e-008 0.00141488
-9.168732e-008 0.00108278
-9.148732e-008 0.00141488
-9.128732e-008 0.00108278
-9.108732e-008 0.00174697
-9.088732e-008 0.00174697
-9.068732e-008 0.00141488
-9.048732e-008 0.00174697
-9.028732e-008 0.00174697
-9.008732e-008 0.00141488
-8.988732e-008 0.00241116
-8.968732e-008 0.00274325
-8.948732e-008 0.00241116
-8.928732e-008 0.00274325
-8.908732e-008 0.00241116
-8.888732e-008 0.00207906
-8.868732e-008 0.00241116
-8.848732e-008 0.00241116
-8.828732e-008 0.00307535
-8.808732e-008 0.00274325
-8.788732e-008 0.00207906
-8.768732e-008 0.00241116
-8.748732e-008 0.00207906
-8.728732e-008 0.00274325
-8.708732e-008 0.00307535
-8.688732e-008 0.00340744
-8.668732e-008 0.00241116
-8.648732e-008 0.00307535
-8.628732e-008 0.00274325
-8.608732e-008 0.00207906
-8.588732e-008 0.00241116
-8.568732e-008 0.00274325
-8.548732e-008 0.00207906
-8.528732e-008 0.00174697
-8.508732e-008 0.00174697
-8.488732e-008 0.00174697
-8.468732e-008 0.00207906
-8.448732e-008 0.00174697
-8.428732e-008 0.00207906
-8.408732e-008 0.00174697
-8.388732e-008 0.00207906
-8.368732e-008 0.00241116
-8.348732e-008 0.00141488
-8.328732e-008 0.00141488
-8.308732e-008 0.00141488
-8.288732e-008 0.00141488
-8.268732e-008 0.00174697
-8.248732e-008 0.00141488
-8.228732e-008 0.00174697
-8.208732e-008 0.00108278
-8.188732e-008 0.00141488
-8.168732e-008 0.00108278
-8.148732e-008 0.00141488
-8.128732e-008 0.00108278
-8.108732e-008 0.00141488
-8.088732e-008 0.00141488
-8.068732e-008 0.00141488
-8.048732e-008 0.00141488
-8.028732e-008 0.00141488
-8.008732e-008 0.00141488
-7.988732e-008 0.00174697
-7.968732e-008 0.00174697
-7.948732e-008 0.00108278
-7.928732e-008 0.00274325
-7.908732e-008 0.00174697
-7.888732e-008 0.00174697
-7.868732e-008 0.00174697
-7.848732e-008 0.00274325
-7.828732e-008 0.00241116
-7.808732e-008 0.00174697
-7.788732e-008 0.00241116
-7.768732e-008 0.00207906
-7.748732e-008 0.00207906
-7.728732e-008 0.00207906
-7.708732e-008 0.00241116
-7.688732e-008 0.00207906
-7.668732e-008 0.00207906
-7.648732e-008 0.00174697
-7.628732e-008 0.00207906
-7.608732e-008 0.00274325
-7.588732e-008 0.00207906
-7.568732e-008 0.00241116
-7.548732e-008 0.00141488
-7.528732e-008 0.00174697
-7.508732e-008 0.00108278
-7.488732e-008 0.00141488
-7.468732e-008 0.00174697
-7.448732e-008 0.00174697
-7.428732e-008 0.000750691
-7.408732e-008 0.00141488
-7.388732e-008 0.00141488
-7.368732e-008 0.00108278
-7.348732e-008 0.00141488
-7.328732e-008 0.00174697
-7.308732e-008 0.00174697
-7.288732e-008 0.00108278
-7.268732e-008 0.00141488
-7.248732e-008 0.00141488
-7.228732e-008 0.00141488
-7.208732e-008 0.00108278
-7.188732e-008 0.00141488
-7.168732e-008 0.00207906
-7.148732e-008 0.00174697
-7.128732e-008 0.00141488
-7.108732e-008 0.00141488
-7.088732e-008 0.00174697
-7.068732e-008 0.00241116
-7.048732e-008 0.00207906
-7.028732e-008 0.00241116
-7.008732e-008 0.00241116
-6.988732e-008 0.00207906
-6.968732e-008 0.00241116
-6.948732e-008 0.00241116
-6.928732e-008 0.00207906
-6.908732e-008 0.00241116
-6.888732e-008 0.00241116
-6.868732e-008 0.00274325
-6.848732e-008 0.00207906
-6.828732e-008 0.00274325
-6.808732e-008 0.00207906
-6.788732e-008 0.00241116
-6.768732e-008 0.00241116
-6.748732e-008 0.00207906
-6.728732e-008 0.00174697
-6.708732e-008 0.00174697
-6.688732e-008 0.00207906
-6.668732e-008 0.00141488
-6.648732e-008 0.00207906
-6.628732e-008 0.00174697
-6.608732e-008 0.00174697
-6.588732e-008 0.00141488
-6.568732e-008 0.00241116
-6.548732e-008 0.00141488
-6.528732e-008 0.00174697
-6.508732e-008 0.00141488
-6.488732e-008 0.00207906
-6.468732e-008 0.00141488
-6.448732e-008 0.00141488
-6.428732e-008 0.00141488
-6.408732e-008 0.00174697
-6.388732e-008 0.00141488
-6.368732e-008 0.00141488
-6.348732e-008 0.00174697
-6.328732e-008 0.00141488
-6.308732e-008 0.00141488
-6.288732e-008 0.00174697
-6.268732e-008 0.000750691
-6.248732e-008 0.00141488
-6.228732e-008 0.00274325
-6.208732e-008 0.00207906
-6.188732e-008 0.00207906
-6.168732e-008 0.00207906
-6.148732e-008 0.00141488
-6.128732e-008 0.00207906
-6.108732e-008 0.00207906
-6.088732e-008 0.00207906
-6.068732e-008 0.00207906
-6.048732e-008 0.00207906
-6.028732e-008 0.00174697
-6.008732e-008 0.00174697
-5.988732e-008 0.00241116
-5.968732e-008 0.00307535
-5.948732e-008 0.00207906
-5.928732e-008 0.00207906
-5.908732e-008 0.00207906
-5.888732e-008 0.00241116
-5.868732e-008 0.00207906
-5.848732e-008 0.00207906
-5.828732e-008 0.00241116
-5.808732e-008 0.00241116
-5.788732e-008 0.00241116
-5.768732e-008 0.00174697
-5.748732e-008 0.00141488
-5.728732e-008 0.00174697
-5.708732e-008 0.00174697
-5.688732e-008 0.00174697
-5.668732e-008 0.00241116
-5.648732e-008 0.00207906
-5.628732e-008 0.00141488
-5.608732e-008 0.00207906
-5.588732e-008 0.00174697
-5.568732e-008 0.00207906
-5.548732e-008 0.00141488
-5.528732e-008 0.00174697
-5.508732e-008 0.00207906
-5.488732e-008 0.00141488
-5.468732e-008 0.00174697
-5.448732e-008 0.00174697
-5.428732e-008 0.00241116
-5.408732e-008 0.00174697
-5.388732e-008 0.00241116
-5.368732e-008 0.00207906
-5.348732e-008 0.00241116
-5.328732e-008 0.00241116
-5.308732e-008 0.00241116
-5.288732e-008 0.00207906
-5.268732e-008 0.00274325
-5.248732e-008 0.00241116
-5.228732e-008 0.00174697
-5.208732e-008 0.00274325
-5.188732e-008 0.00274325
-5.168732e-008 0.00307535
-5.148732e-008 0.00241116
-5.128732e-008 0.00274325
-5.108732e-008 0.00241116
-5.088732e-008 0.00274325
-5.068732e-008 0.00241116
-5.048732e-008 0.00274325
-5.028732e-008 0.00241116
-5.008732e-008 0.00241116
-4.988732e-008 0.00207906
-4.968732e-008 0.00241116
-4.948732e-008 0.00274325
-4.928732e-008 0.00207906
-4.908732e-008 0.00241116
-4.888732e-008 0.00241116
-4.868732e-008 0.00307535
-4.848732e-008 0.00274325
-4.828732e-008 0.00340744
-4.808732e-008 0.00207906
-4.788732e-008 0.00207906
-4.768732e-008 0.00207906
-4.748732e-008 0.00207906
-4.728732e-008 0.00241116
-4.708732e-008 0.00207906
-4.688732e-008 0.00207906
-4.668732e-008 0.00241116
-4.648732e-008 0.00207906
-4.628732e-008 0.00241116
-4.608732e-008 0.00241116
-4.588732e-008 0.00207906
-4.568732e-008 0.00174697
-4.548732e-008 0.00241116
-4.528732e-008 0.00141488
-4.508732e-008 0.00207906
-4.488732e-008 0.00174697
-4.468732e-008 0.00207906
-4.448732e-008 0.00241116
-4.428732e-008 0.00174697
-4.408732e-008 0.00241116
-4.388732e-008 0.00207906
-4.368732e-008 0.00274325
-4.348732e-008 0.00207906
-4.328732e-008 0.00207906
-4.308732e-008 0.00241116
-4.288732e-008 0.00241116
-4.268732e-008 0.00241116
-4.248732e-008 0.00241116
-4.228732e-008 0.00241116
-4.208732e-008 0.00241116
-4.188732e-008 0.00241116
-4.168732e-008 0.00274325
-4.148732e-008 0.00241116
-4.128732e-008 0.00241116
-4.108732e-008 0.00307535
-4.088732e-008 0.00174697
-4.068732e-008 0.00241116
-4.048732e-008 0.00274325
-4.028732e-008 0.00241116
-4.008732e-008 0.00241116
-3.988732e-008 0.00241116
-3.968732e-008 0.00241116
-3.948732e-008 0.00274325
-3.928732e-008 0.00241116
-3.908732e-008 0.00241116
-3.888732e-008 0.00307535
-3.868732e-008 0.00241116
-3.848732e-008 0.00274325
-3.828732e-008 0.00207906
-3.808732e-008 0.00274325
-3.788732e-008 0.00207906
-3.768732e-008 0.00207906
-3.748732e-008 0.00207906
-3.728732e-008 0.00174697
-3.708732e-008 0.00207906
-3.688732e-008 0.00174697
-3.668732e-008 0.00241116
-3.648732e-008 0.00141488
-3.628732e-008 0.00174697
-3.608732e-008 0.00207906
-3.588732e-008 0.00207906
-3.568732e-008 0.00307535
-3.548732e-008 0.00207906
-3.528732e-008 0.00141488
-3.508732e-008 0.00207906
-3.488732e-008 0.00174697
-3.468732e-008 0.00207906
-3.448732e-008 0.00241116
-3.428732e-008 0.00174697
-3.408732e-008 0.00207906
-3.388732e-008 0.00241116
-3.368732e-008 0.00207906
-3.348732e-008 0.00141488
-3.328732e-008 0.00241116
-3.308732e-008 0.00141488
-3.288732e-008 0.00207906
-3.268732e-008 0.00207906
-3.248732e-008 0.00241116
-3.228732e-008 0.00241116
-3.208732e-008 0.00207906
-3.188732e-008 0.00207906
-3.168732e-008 0.00241116
-3.148732e-008 0.00207906
-3.128732e-008 0.00207906
-3.108732e-008 0.00207906
-3.088732e-008 0.00174697
-3.068732e-008 0.00207906
-3.048732e-008 0.00274325
-3.028732e-008 0.00241116
-3.008732e-008 0.00274325
-2.988732e-008 0.00241116
-2.968732e-008 0.00207906
-2.948732e-008 0.00207906
-2.928732e-008 0.00241116
-2.908732e-008 0.00241116
-2.888732e-008 0.00274325
-2.868732e-008 0.00207906
-2.848732e-008 0.00241116
-2.828732e-008 0.00241116
-2.808732e-008 0.00174697
-2.788732e-008 0.00274325
-2.768732e-008 0.00241116
-2.748732e-008 0.00174697
-2.728732e-008 0.00274325
-2.708732e-008 0.00241116
-2.688732e-008 0.00241116
-2.668732e-008 0.00241116
-2.648732e-008 0.00274325
-2.628732e-008 0.00274325
-2.608732e-008 0.00274325
-2.588732e-008 0.00207906
-2.568732e-008 0.00207906
-2.548732e-008 0.00274325
-2.528732e-008 0.00207906
-2.508732e-008 0.00241116
-2.488732e-008 0.00274325
-2.468732e-008 0.00241116
-2.448732e-008 0.00241116
-2.428732e-008 0.00241116
-2.408732e-008 0.00274325
-2.388732e-008 0.00274325
-2.368732e-008 0.00207906
-2.348732e-008 0.00307535
-2.328732e-008 0.00207906
-2.308732e-008 0.00274325
-2.288732e-008 0.00307535
-2.268732e-008 0.00207906
-2.248732e-008 0.00241116
-2.228732e-008 0.00340744
-2.208732e-008 0.00307535
-2.188732e-008 0.00241116
-2.168732e-008 0.00241116
-2.148732e-008 0.00207906
-2.128732e-008 0.00274325
-2.108732e-008 0.00207906
-2.088732e-008 0.00241116
-2.068732e-008 0.00207906
-2.048732e-008 0.00207906
-2.028732e-008 0.00241116
-2.008732e-008 0.00241116
-1.988732e-008 0.00274325
-1.968732e-008 0.00241116
-1.948732e-008 0.00207906
-1.928732e-008 0.00241116
-1.908732e-008 0.00174697
-1.888732e-008 0.00274325
-1.868732e-008 0.00207906
-1.848732e-008 0.00207906
-1.828732e-008 0.00207906
-1.808732e-008 0.00241116
-1.788732e-008 0.00141488
-1.768732e-008 0.00174697
-1.748732e-008 0.00174697
-1.728732e-008 0.00174697
-1.708732e-008 0.00174697
-1.688732e-008 0.00207906
-1.668732e-008 0.00141488
-1.648732e-008 0.00174697
-1.628732e-008 0.00108278
-1.608732e-008 0.00174697
-1.588732e-008 0.00141488
-1.568732e-008 0.000750691
-1.548732e-008 0.00108278
-1.528732e-008 0.00108278
-1.508732e-008 0.00141488
-1.488732e-008 8.65037e-005
-1.468732e-008 0.000750691
-1.448732e-008 0.00108278
-1.428732e-008 0.00108278
-1.408732e-008 0.000418597
-1.388732e-008 0.00108278
-1.368732e-008 0.00108278
-1.348732e-008 8.65037e-005
-1.328732e-008 0.000418597
-1.308732e-008 8.65037e-005
-1.288732e-008 8.65037e-005
-1.268732e-008 8.65037e-005
-1.248732e-008 -0.00024559
-1.228732e-008 0.000418597
-1.208732e-008 -0.000577683
-1.188732e-008 -0.000577683
-1.168732e-008 -0.000577683
-1.148732e-008 -0.000577683
-1.128732e-008 -0.00024559
-1.108732e-008 -0.00124187
-1.088732e-008 -0.00124187
-1.068732e-008 -0.00157396
-1.048732e-008 -0.00190606
-1.028732e-008 -0.00157396
-1.008732e-008 -0.00190606
-9.887316e-009 -0.00190606
-9.687316e-009 -0.00223815
-9.487316e-009 -0.00190606
-9.287316e-009 -0.00257024
-9.087316e-009 -0.00257024
-8.887316e-009 -0.00323443
-8.687316e-009 -0.00356652
-8.487316e-009 -0.00389862
-8.287316e-009 -0.00456281
-8.087316e-009 -0.0048949
-7.887316e-009 -0.00456281
-7.687316e-009 -0.00555909
-7.487316e-009 -0.00688746
-7.287316e-009 -0.00688746
-7.087316e-009 -0.00755165
-6.887316e-009 -0.00755165
-6.687316e-009 -0.00755165
-6.487316e-009 -0.00854793
-6.287316e-009 -0.00921211
-6.087316e-009 -0.00921211
-5.887316e-009 -0.0098763
-5.687316e-009 -0.0112047
-5.487316e-009 -0.0112047
-5.287316e-009 -0.0115368
-5.087316e-009 -0.0115368
-4.887316e-009 -0.0115368
-4.687316e-009 -0.0128651
-4.487316e-009 -0.0135293
-4.287316e-009 -0.0138614
-4.087316e-009 -0.0138614
-3.887316e-009 -0.0138614
-3.687316e-009 -0.0145256
-3.487316e-009 -0.0148577
-3.287316e-009 -0.0151898
-3.087316e-009 -0.0155219
-2.887316e-009 -0.0155219
-2.687316e-009 -0.0155219
-2.487316e-009 -0.0168503
-2.287316e-009 -0.0161861
-2.087316e-009 -0.0161861
-1.887316e-009 -0.0168503
-1.687316e-009 -0.0175145
-1.487316e-009 -0.0175145
-1.287316e-009 -0.0171824
-1.087316e-009 -0.0175145
-8.873157e-010 -0.0185107
-6.873157e-010 -0.0185107
-4.873157e-010 -0.0188428
-2.873157e-010 -0.0181786
-8.731574e-011 -0.0191749
1.126843e-010 -0.0191749
3.126843e-010 -0.0188428
5.126843e-010 -0.019507
7.126843e-010 -0.0191749
9.126843e-010 -0.0191749
1.112684e-009 -0.0188428
1.312684e-009 -0.0198391
1.512684e-009 -0.019507
1.712684e-009 -0.0191749
1.912684e-009 -0.0185107
2.112684e-009 -0.0191749
2.312684e-009 -0.0188428
2.512684e-009 -0.0191749
2.712684e-009 -0.0188428
2.912684e-009 -0.0188428
3.112684e-009 -0.0198391
3.312684e-009 -0.0185107
3.512684e-009 -0.019507
3.712684e-009 -0.0188428
3.912684e-009 -0.0181786
4.112684e-009 -0.0181786
4.312684e-009 -0.0181786
4.512684e-009 -0.0178465
4.712684e-009 -0.0185107
4.912684e-009 -0.0181786
5.112684e-009 -0.0178465
5.312684e-009 -0.0171824
5.512684e-009 -0.0178465
5.712684e-009 -0.0168503
5.912684e-009 -0.0171824
6.112684e-009 -0.0168503
6.312684e-009 -0.0161861
6.512684e-009 -0.015854
6.712684e-009 -0.0165182
6.912684e-009 -0.0155219
7.112684e-009 -0.0161861
7.312684e-009 -0.0155219
7.512684e-009 -0.0148577
7.712684e-009 -0.0145256
7.912684e-009 -0.0151898
8.112684e-009 -0.0155219
8.312684e-009 -0.0148577
8.512684e-009 -0.0145256
8.712684e-009 -0.0141935
8.912684e-009 -0.0145256
9.112684e-009 -0.0131972
9.312684e-009 -0.0138614
9.512684e-009 -0.012533
9.712684e-009 -0.012533
9.912684e-009 -0.0118689
1.011268e-008 -0.012201
1.031268e-008 -0.0115368
1.051268e-008 -0.0112047
1.071268e-008 -0.0102084
1.091268e-008 -0.0112047
1.111268e-008 -0.0102084
1.131268e-008 -0.0105405
1.151268e-008 -0.0098763
1.171268e-008 -0.00921211
1.191268e-008 -0.00888002
1.211268e-008 -0.00921211
1.231268e-008 -0.00788374
1.251268e-008 -0.00788374
1.271268e-008 -0.00755165
1.291268e-008 -0.00688746
1.311268e-008 -0.00721955
1.331268e-008 -0.00622327
1.351268e-008 -0.00522699
1.371268e-008 -0.00589118
1.391268e-008 -0.00555909
1.411268e-008 -0.00589118
1.431268e-008 -0.00456281
1.451268e-008 -0.00389862
1.471268e-008 -0.00389862
1.491268e-008 -0.00356652
1.511268e-008 -0.00356652
1.531268e-008 -0.00323443
1.551268e-008 -0.00323443
1.571268e-008 -0.00290234
1.591268e-008 -0.00257024
1.611268e-008 -0.00190606
1.631268e-008 -0.00257024
1.651268e-008 -0.00157396
1.671268e-008 -0.00124187
1.691268e-008 -0.000909777
1.711268e-008 0.000418597
1.731268e-008 8.65037e-005
1.751268e-008 0.00108278
1.771268e-008 8.65037e-005
1.791268e-008 0.00108278
1.811268e-008 0.00141488
1.831268e-008 0.00108278
1.851268e-008 0.00141488
1.871268e-008 0.00141488
1.891268e-008 0.00174697
1.911268e-008 0.00207906
1.931268e-008 0.00241116
1.951268e-008 0.00307535
1.971268e-008 0.00274325
1.991268e-008 0.00373953
2.011268e-008 0.00307535
2.031268e-008 0.00373953
2.051268e-008 0.00307535
2.071268e-008 0.00440372
2.091268e-008 0.00373953
2.111268e-008 0.00440372
2.131268e-008 0.00473581
2.151268e-008 0.0054
2.171268e-008 0.00506791
2.191268e-008 0.0054
2.211268e-008 0.00506791
2.231268e-008 0.00606419
2.251268e-008 0.0054
2.271268e-008 0.0054
2.291268e-008 0.00639628
2.311268e-008 0.00672837
2.331268e-008 0.00639628
2.351268e-008 0.00706047
2.371268e-008 0.00639628
2.391268e-008 0.00672837
2.411268e-008 0.00739256
2.431268e-008 0.00739256
2.451268e-008 0.00706047
2.471268e-008 0.00672837
2.491268e-008 0.00706047
2.511268e-008 0.00706047
2.531268e-008 0.00672837
2.551268e-008 0.00805675
2.571268e-008 0.00772465
2.591268e-008 0.00739256
2.611268e-008 0.00805675
2.631268e-008 0.00772465
2.651268e-008 0.00838884
2.671268e-008 0.00772465
2.691268e-008 0.00772465
2.711268e-008 0.00805675
2.731268e-008 0.00905303
2.751268e-008 0.00805675
2.771268e-008 0.00872094
2.791268e-008 0.00905303
2.811268e-008 0.00772465
2.831268e-008 0.00872094
2.851268e-008 0.00872094
2.871268e-008 0.00872094
2.891268e-008 0.00838884
2.911268e-008 0.00905303
2.931268e-008 0.00872094
2.951268e-008 0.00805675
2.971268e-008 0.00872094
2.991268e-008 0.00838884
3.011268e-008 0.00838884
3.031268e-008 0.00739256
3.051268e-008 0.00805675
3.071268e-008 0.00838884
3.091268e-008 0.00838884
3.111268e-008 0.00838884
3.131268e-008 0.00739256
3.151268e-008 0.00805675
3.171268e-008 0.00772465
3.191268e-008 0.00772465
3.211268e-008 0.00805675
3.231268e-008 0.00739256
3.251268e-008 0.00772465
3.271268e-008 0.00805675
3.291268e-008 0.00772465
3.311268e-008 0.00805675
3.331268e-008 0.00805675
3.351268e-008 0.00739256
3.371268e-008 0.00772465
3.391268e-008 0.00672837
3.411268e-008 0.00739256
3.431268e-008 0.00739256
3.451268e-008 0.00739256
3.471268e-008 0.00772465
3.491268e-008 0.00706047
3.511268e-008 0.00706047
3.531268e-008 0.00606419
3.551268e-008 0.00606419
3.571268e-008 0.00739256
3.591268e-008 0.00706047
3.611268e-008 0.00706047
3.631268e-008 0.00672837
3.651268e-008 0.00606419
3.671268e-008 0.00672837
3.691268e-008 0.00672837
3.711268e-008 0.00606419
3.731268e-008 0.00672837
3.751268e-008 0.00639628
3.771268e-008 0.00573209
3.791268e-008 0.00606419
3.811268e-008 0.00473581
3.831268e-008 0.00506791
3.851268e-008 0.0054
3.871268e-008 0.0054
3.891268e-008 0.00506791
3.911268e-008 0.00506791
3.931268e-008 0.00473581
3.951268e-008 0.00473581
3.971268e-008 0.00506791
3.991268e-008 0.00473581
4.011268e-008 0.00473581
4.031268e-008 0.00373953
4.051268e-008 0.00473581
4.071268e-008 0.00373953
4.091268e-008 0.00373953
4.111268e-008 0.00373953
4.131268e-008 0.00407163
4.151268e-008 0.00340744
4.171268e-008 0.00340744
4.191268e-008 0.00340744
4.211268e-008 0.00373953
4.231268e-008 0.00307535
4.251268e-008 0.00307535
4.271268e-008 0.00307535
4.291268e-008 0.00274325
4.311268e-008 0.00274325
4.331268e-008 0.00241116
4.351268e-008 0.00207906
4.371268e-008 0.00207906
4.391268e-008 0.00241116
4.411268e-008 0.00241116
4.431268e-008 0.00207906
4.451268e-008 0.00174697
4.471268e-008 0.00174697
4.491268e-008 0.00207906
4.511268e-008 0.00207906
4.531268e-008 0.00141488
4.551268e-008 0.00141488
4.571268e-008 0.00174697
4.591268e-008 0.00174697
4.611268e-008 0.00141488
4.631268e-008 0.00141488
4.651268e-008 0.00141488
4.671268e-008 0.00141488
4.691268e-008 0.000750691
4.711268e-008 0.000750691
4.731268e-008 0.00108278
4.751268e-008 0.00108278
4.771268e-008 0.000750691
4.791268e-008 0.00108278
4.811268e-008 0.000418597
4.831268e-008 0.00108278
4.851268e-008 0.00108278
4.871268e-008 0.000750691
4.891268e-008 0.000418597
4.911268e-008 8.65037e-005
4.931268e-008 8.65037e-005
4.951268e-008 8.65037e-005
4.971268e-008 -0.00024559
4.991268e-008 8.65037e-005
5.011268e-008 -0.000577683
5.031268e-008 8.65037e-005
5.051268e-008 0.000418597
5.071268e-008 -0.00024559
5.091268e-008 -0.00024559
5.111268e-008 -0.00024559
5.131268e-008 0.000418597
5.151268e-008 -0.000577683
5.171268e-008 -0.00024559
5.191268e-008 -0.00024559
5.211268e-008 -0.000909777
5.231268e-008 8.65037e-005
5.251268e-008 -0.000909777
5.271268e-008 -0.000577683
5.291268e-008 0.000418597
5.311268e-008 -0.000577683
5.331268e-008 8.65037e-005
5.351268e-008 -0.00024559
5.371268e-008 -0.000909777
5.391268e-008 -0.000577683
5.411268e-008 -0.000577683
5.431268e-008 -0.000909777
5.451268e-008 -0.000577683
5.471268e-008 -0.00124187
5.491268e-008 -0.00124187
5.511268e-008 -0.000577683
5.531268e-008 -0.00024559
5.551268e-008 -0.000577683
5.571268e-008 -0.00124187
5.591268e-008 -0.000577683
5.611268e-008 -0.000909777
5.631268e-008 -0.00024559
5.651268e-008 8.65037e-005
5.671268e-008 8.65037e-005
5.691268e-008 -0.000909777
5.711268e-008 8.65037e-005
5.731268e-008 -0.000577683
5.751268e-008 -0.000577683
5.771268e-008 8.65037e-005
5.791268e-008 -0.000577683
5.811268e-008 -0.00024559
5.831268e-008 -0.000577683
5.851268e-008 -0.00024559
5.871268e-008 -0.000577683
5.891268e-008 0.000418597
5.911268e-008 -0.00024559
5.931268e-008 -0.00024559
5.951268e-008 -0.00024559
5.971268e-008 8.65037e-005
5.991268e-008 8.65037e-005
6.011268e-008 -0.000577683
6.031268e-008 -0.000577683
6.051268e-008 -0.000577683
6.071268e-008 -0.00024559
6.091268e-008 -0.00024559
6.111268e-008 8.65037e-005
6.131268e-008 -0.00024559
6.151268e-008 -0.00024559
6.171268e-008 8.65037e-005
6.191268e-008 -0.00024559
6.211268e-008 8.65037e-005
6.231268e-008 -0.00024559
6.251268e-008 0.000750691
6.271268e-008 -0.00024559
6.291268e-008 0.000418597
6.311268e-008 0.000418597
6.331268e-008 8.65037e-005
6.351268e-008 0.000750691
6.371268e-008 8.65037e-005
6.391268e-008 0.000418597
6.411268e-008 0.000418597
6.431268e-008 8.65037e-005
6.451268e-008 0.000418597
6.471268e-008 0.000418597
6.491268e-008 0.000418597
6.511268e-008 0.000418597
6.531268e-008 0.000750691
6.551268e-008 0.000418597
6.571268e-008 0.000418597
6.591268e-008 0.000750691
6.611268e-008 0.000750691
6.631268e-008 0.000750691
6.651268e-008 8.65037e-005
6.671268e-008 0.000750691
6.691268e-008 0.000418597
6.711268e-008 0.00141488
6.731268e-008 0.000750691
6.751268e-008 0.000418597
6.771268e-008 0.00108278
6.791268e-008 0.00108278
6.811268e-008 0.00141488
6.831268e-008 0.00141488
6.851268e-008 0.00108278
6.871268e-008 0.00108278
6.891268e-008 0.00141488
6.911268e-008 0.00141488
6.931268e-008 0.00141488
6.951268e-008 0.00207906
6.971268e-008 0.00141488
6.991268e-008 0.00174697
7.011268e-008 0.00207906
7.031268e-008 0.00174697
7.051268e-008 0.00207906
7.071268e-008 0.00141488
7.091268e-008 0.00174697
7.111268e-008 0.00174697
7.131268e-008 0.00207906
7.151268e-008 0.00141488
7.171268e-008 0.00207906
7.191268e-008 0.00207906
7.211268e-008 0.00141488
7.231268e-008 0.00141488
7.251268e-008 0.00141488
7.271268e-008 0.00174697
7.291268e-008 0.00207906
7.311268e-008 0.00241116
7.331268e-008 0.00241116
7.351268e-008 0.00207906
7.371268e-008 0.00241116
7.391268e-008 0.00207906
7.411268e-008 0.00207906
7.431268e-008 0.00174697
7.451268e-008 0.00174697
7.471268e-008 0.00207906
7.491268e-008 0.00174697
7.511268e-008 0.00141488
7.531268e-008 0.00174697
7.551268e-008 0.00207906
7.571268e-008 0.00207906
7.591268e-008 0.00207906
7.611268e-008 0.00174697
7.631268e-008 0.00241116
7.651268e-008 0.00207906
7.671268e-008 0.00207906
7.691268e-008 0.00207906
7.711268e-008 0.00141488
7.731268e-008 0.00141488
7.751268e-008 0.00174697
7.771268e-008 0.00141488
7.791268e-008 0.00274325
7.811268e-008 0.00207906
7.831268e-008 0.00207906
7.851268e-008 0.00174697
7.871268e-008 0.00174697
7.891268e-008 0.00207906
7.911268e-008 0.00207906
7.931268e-008 0.00174697
7.951268e-008 0.00207906
7.971268e-008 0.00241116
7.991268e-008 0.00207906
8.011268e-008 0.00141488
8.031268e-008 0.00207906
8.051268e-008 0.00174697
8.071268e-008 0.00174697
8.091268e-008 0.00174697
8.111268e-008 0.00174697
8.131268e-008 0.00174697
8.151268e-008 0.00207906
8.171268e-008 0.00207906
8.191268e-008 0.00274325
8.211268e-008 0.00207906
8.231268e-008 0.00274325
8.251268e-008 0.00241116
8.271268e-008 0.00241116
8.291268e-008 0.00241116
8.311268e-008 0.00274325
8.331268e-008 0.00207906
8.351268e-008 0.00241116
8.371268e-008 0.00207906
8.391268e-008 0.00174697
8.411268e-008 0.00174697
8.431268e-008 0.00274325
8.451268e-008 0.00241116
8.471268e-008 0.00241116
8.491268e-008 0.00207906
8.511268e-008 0.00207906
8.531268e-008 0.00207906
8.551268e-008 0.00207906
8.571268e-008 0.00274325
8.591268e-008 0.00241116
8.611268e-008 0.00207906
8.631268e-008 0.00174697
8.651268e-008 0.00241116
8.671268e-008 0.00207906
8.691268e-008 0.00241116
8.711268e-008 0.00141488
8.731268e-008 0.00207906
8.751268e-008 0.00274325
8.771268e-008 0.00174697
8.791268e-008 0.00174697
8.811268e-008 0.00207906
8.831268e-008 0.00174697
8.851268e-008 0.00274325
8.871268e-008 0.00274325
8.891268e-008 0.00141488
8.911268e-008 0.00307535
8.931268e-008 0.00141488
8.951268e-008 0.00174697
8.971268e-008 0.00207906
8.991268e-008 0.00207906
9.011268e-008 0.00241116
9.031268e-008 0.00174697
9.051268e-008 0.00174697
9.071268e-008 0.00241116
9.091268e-008 0.00241116
9.111268e-008 0.00207906
9.131268e-008 0.00307535
9.151268e-008 0.00207906
9.171268e-008 0.00207906
9.191268e-008 0.00207906
9.211268e-008 0.00241116
9.231268e-008 0.00241116
9.251268e-008 0.00174697
9.271268e-008 0.00174697
9.291268e-008 0.00174697
9.311268e-008 0.00241116
9.331268e-008 0.00207906
9.351268e-008 0.00174697
9.371268e-008 0.00207906
9.391268e-008 0.00174697
9.411268e-008 0.00207906
9.431268e-008 0.00141488
9.451268e-008 0.00174697
9.471268e-008 0.00141488
9.491268e-008 0.00174697
9.511268e-008 0.00174697
9.531268e-008 0.00141488
9.551268e-008 0.00274325
9.571268e-008 0.00207906
9.591268e-008 0.00241116
9.611268e-008 0.00207906
9.631268e-008 0.00207906
9.651268e-008 0.00241116
9.671268e-008 0.00274325
9.691268e-008 0.00207906
9.711268e-008 0.00207906
9.731268e-008 0.00141488
9.751268e-008 0.00141488
9.771268e-008 0.00141488
9.791268e-008 0.00207906
9.811268e-008 0.00241116
9.831268e-008 0.00174697
9.851268e-008 0.00141488
9.871268e-008 0.00141488
9.891268e-008 0.00141488
9.911268e-008 0.00207906
9.931268e-008 0.00174697
9.951268e-008 0.00174697
9.971268e-008 0.00207906
9.991268e-008 0.00174697
1.001127e-007 0.00141488
1.003127e-007 0.00141488
1.005127e-007 0.00141488
1.007127e-007 0.00207906
1.009127e-007 0.00174697
1.011127e-007 0.00207906
1.013127e-007 0.00174697
1.015127e-007 0.00207906
1.017127e-007 0.00174697
1.019127e-007 0.00207906
1.021127e-007 0.00207906
1.023127e-007 0.00207906
1.025127e-007 0.00207906
1.027127e-007 0.00174697
1.029127e-007 0.00174697
1.031127e-007 0.00108278
1.033127e-007 0.00174697
1.035127e-007 0.00174697
1.037127e-007 0.00174697
1.039127e-007 0.00174697
1.041127e-007 0.00141488
1.043127e-007 0.00141488
1.045127e-007 0.00141488
1.047127e-007 0.00141488
1.049127e-007 0.00174697
1.051127e-007 0.00108278
1.053127e-007 0.00108278
1.055127e-007 0.00141488
1.057127e-007 0.00174697
1.059127e-007 0.00108278
1.061127e-007 0.00207906
1.063127e-007 0.00108278
1.065127e-007 0.00108278
1.067127e-007 0.00141488
1.069127e-007 0.00141488
1.071127e-007 0.00174697
1.073127e-007 0.00141488
1.075127e-007 0.00174697
1.077127e-007 0.00174697
1.079127e-007 0.00141488
1.081127e-007 0.00141488
1.083127e-007 0.00241116
1.085127e-007 0.00174697
1.087127e-007 0.00174697
1.089127e-007 0.00207906
1.091127e-007 0.00141488
1.093127e-007 0.00207906
1.095127e-007 0.00207906
1.097127e-007 0.00141488
1.099127e-007 0.00174697
1.101127e-007 0.00141488
1.103127e-007 0.00207906
1.105127e-007 0.00141488
1.107127e-007 0.00141488
1.109127e-007 0.00174697
1.111127e-007 0.00174697
1.113127e-007 0.00141488
1.115127e-007 0.00207906
1.117127e-007 0.00174697
1.119127e-007 0.00207906
1.121127e-007 0.00141488
1.123127e-007 0.00207906
1.125127e-007 0.00174697
1.127127e-007 0.00207906
1.129127e-007 0.00174697
1.131127e-007 0.00174697
1.133127e-007 0.00141488
1.135127e-007 0.00174697
1.137127e-007 0.00141488
1.139127e-007 0.00141488
1.141127e-007 0.00174697
1.143127e-007 0.00274325
1.145127e-007 0.00207906
1.147127e-007 0.00174697
1.149127e-007 0.00141488
1.151127e-007 0.00174697
1.153127e-007 0.00141488
1.155127e-007 0.00274325
1.157127e-007 0.00174697
1.159127e-007 0.00207906
1.161127e-007 0.00141488
1.163127e-007 0.00108278
1.165127e-007 0.00141488
1.167127e-007 0.00141488
1.169127e-007 0.00207906
1.171127e-007 0.00141488
1.173127e-007 0.00174697
1.175127e-007 0.00174697
1.177127e-007 0.00141488
1.179127e-007 0.00241116
1.181127e-007 0.00207906
1.183127e-007 0.00174697
1.185127e-007 0.00241116
1.187127e-007 0.00141488
1.189127e-007 0.00174697
1.191127e-007 0.00141488
1.193127e-007 0.00174697
1.195127e-007 0.00241116
1.197127e-007 0.00141488
1.199127e-007 0.00141488
1.201127e-007 0.00141488
1.203127e-007 0.00207906
1.205127e-007 0.00174697
1.207127e-007 0.00141488
1.209127e-007 0.00141488
1.211127e-007 0.00141488
1.213127e-007 0.00141488
1.215127e-007 0.00207906
1.217127e-007 0.00174697
1.219127e-007 0.00274325
1.221127e-007 0.00241116
1.223127e-007 0.00241116
1.225127e-007 0.00207906
1.227127e-007 0.00174697
1.229127e-007 0.00141488
1.231127e-007 0.00174697
1.233127e-007 0.00141488
1.235127e-007 0.00207906
1.237127e-007 0.00207906
1.239127e-007 0.00141488
1.241127e-007 0.00207906
1.243127e-007 0.00174697
1.245127e-007 0.00241116
1.247127e-007 0.00174697
1.249127e-007 0.00174697
1.251127e-007 0.00274325
1.253127e-007 0.00207906
1.255127e-007 0.00207906
1.257127e-007 0.00207906
1.259127e-007 0.00241116
1.261127e-007 0.00207906
1.263127e-007 0.00274325
1.265127e-007 0.00207906
1.267127e-007 0.00207906
1.269127e-007 0.00241116
1.271127e-007 0.00207906
1.273127e-007 0.00174697
1.275127e-007 0.00241116
1.277127e-007 0.00207906
1.279127e-007 0.00241116
1.281127e-007 0.00207906
1.283127e-007 0.00241116
1.285127e-007 0.00207906
1.287127e-007 0.00207906
1.289127e-007 0.00207906
1.291127e-007 0.00174697
1.293127e-007 0.00207906
1.295127e-007 0.00207906
1.297127e-007 0.00274325
1.299127e-007 0.00274325
1.301127e-007 0.00207906
1.303127e-007 0.00207906
1.305127e-007 0.00141488
1.307127e-007 0.00241116
1.309127e-007 0.00241116
1.311127e-007 0.00141488
1.313127e-007 0.00207906
1.315127e-007 0.00174697
1.317127e-007 0.00207906
1.319127e-007 0.00241116
1.321127e-007 0.00241116
1.323127e-007 0.00241116
1.325127e-007 0.00207906
1.327127e-007 0.00241116
1.329127e-007 0.00241116
1.331127e-007 0.00207906
1.333127e-007 0.00241116
1.335127e-007 0.00274325
1.337127e-007 0.00241116
1.339127e-007 0.00174697
1.341127e-007 0.00241116
1.343127e-007 0.00207906
1.345127e-007 0.00174697
1.347127e-007 0.00207906
1.349127e-007 0.00241116
1.351127e-007 0.00241116
1.353127e-007 0.00207906
1.355127e-007 0.00174697
1.357127e-007 0.00174697
1.359127e-007 0.00241116
1.361127e-007 0.00174697
1.363127e-007 0.00241116
1.365127e-007 0.00207906
1.367127e-007 0.00274325
1.369127e-007 0.00207906
1.371127e-007 0.00241116
1.373127e-007 0.00207906
1.375127e-007 0.00241116
1.377127e-007 0.00207906
1.379127e-007 0.00207906
1.381127e-007 0.00241116
1.383127e-007 0.00274325
1.385127e-007 0.00241116
1.387127e-007 0.00241116
1.389127e-007 0.00241116
1.391127e-007 0.00274325
1.393127e-007 0.00141488
1.395127e-007 0.00174697
1.397127e-007 0.00207906
1.399127e-007 0.00207906
1.401127e-007 0.00207906
1.403127e-007 0.00241116
1.405127e-007 0.00174697
1.407127e-007 0.00174697
1.409127e-007 0.00174697
1.411127e-007 0.00207906
1.413127e-007 0.00274325
1.415127e-007 0.00207906
1.417127e-007 0.00274325
1.419127e-007 0.00274325
1.421127e-007 0.00141488
1.423127e-007 0.00141488
1.425127e-007 0.00141488
1.427127e-007 0.00274325
1.429127e-007 0.00241116
1.431127e-007 0.00174697
1.433127e-007 0.00174697
1.435127e-007 0.00241116
1.437127e-007 0.00207906
1.439127e-007 0.00207906
1.441127e-007 0.00207906
1.443127e-007 0.00241116
1.445127e-007 0.00207906
1.447127e-007 0.00174697
1.449127e-007 0.00207906
1.451127e-007 0.00174697
1.453127e-007 0.00241116
1.455127e-007 0.00174697
1.457127e-007 0.00207906
1.459127e-007 0.00207906
1.461127e-007 0.00207906
1.463127e-007 0.00174697
1.465127e-007 0.00141488
1.467127e-007 0.00141488
1.469127e-007 0.00207906
1.471127e-007 0.00207906
1.473127e-007 0.00141488
1.475127e-007 0.00108278
1.477127e-007 0.00141488
1.479127e-007 0.00174697
1.481127e-007 0.00207906
1.483127e-007 0.00241116
1.485127e-007 0.00141488
1.487127e-007 0.00207906
1.489127e-007 0.00207906
1.491127e-007 0.00207906
1.493127e-007 0.00174697
1.495127e-007 0.00207906
1.497127e-007 0.00207906
1.499127e-007 0.00174697
1.501127e-007 0.00207906
1.503127e-007 0.00174697
1.505127e-007 0.00174697
1.507127e-007 0.00174697
1.509127e-007 0.00241116
1.511127e-007 0.00174697
1.513127e-007 0.00207906
1.515127e-007 0.00241116
1.517127e-007 0.00174697
1.519127e-007 0.00207906
1.521127e-007 0.00241116
1.523127e-007 0.00174697
1.525127e-007 0.00207906
1.527127e-007 0.00241116
1.529127e-007 0.00141488
1.531127e-007 0.00174697
1.533127e-007 0.00207906
1.535127e-007 0.00141488
1.537127e-007 0.00174697
1.539127e-007 0.00207906
1.541127e-007 0.00274325
1.543127e-007 0.00241116
1.545127e-007 0.00241116
1.547127e-007 0.00241116
1.549127e-007 0.00174697
1.551127e-007 0.00241116
1.553127e-007 0.00241116
1.555127e-007 0.00274325
1.557127e-007 0.00241116
1.559127e-007 0.00274325
1.561127e-007 0.00174697
1.563127e-007 0.00241116
1.565127e-007 0.00174697
1.567127e-007 0.00241116
1.569127e-007 0.00274325
1.571127e-007 0.00207906
1.573127e-007 0.00174697
1.575127e-007 0.00207906
1.577127e-007 0.00207906
1.579127e-007 0.00241116
1.581127e-007 0.00207906
1.583127e-007 0.00207906
1.585127e-007 0.00241116
1.587127e-007 0.00241116
1.589127e-007 0.00207906
1.591127e-007 0.00174697
1.593127e-007 0.00274325
1.595127e-007 0.00207906
1.597127e-007 0.00141488
1.599127e-007 0.00274325
1.601127e-007 0.00207906
1.603127e-007 0.00174697
1.605127e-007 0.00241116
1.607127e-007 0.00241116
1.609127e-007 0.00207906
1.611127e-007 0.00241116
1.613127e-007 0.00174697
1.615127e-007 0.00207906
1.617127e-007 0.00241116
1.619127e-007 0.00174697
1.621127e-007 0.00241116
1.623127e-007 0.00274325
1.625127e-007 0.00207906
1.627127e-007 0.00207906
1.629127e-007 0.00174697
1.631127e-007 0.00174697
1.633127e-007 0.00174697
1.635127e-007 0.00207906
1.637127e-007 0.00207906
1.639127e-007 0.00207906
1.641127e-007 0.00274325
1.643127e-007 0.00307535
1.645127e-007 0.00207906
1.647127e-007 0.00207906
1.649127e-007 0.00207906
1.651127e-007 0.00207906
1.653127e-007 0.00241116
1.655127e-007 0.00207906
1.657127e-007 0.00207906
1.659127e-007 0.00274325
1.661127e-007 0.00241116
1.663127e-007 0.00241116
1.665127e-007 0.00241116
1.667127e-007 0.00174697
1.669127e-007 0.00207906
1.671127e-007 0.00207906
1.673127e-007 0.00174697
1.675127e-007 0.00174697
1.677127e-007 0.00207906
1.679127e-007 0.00241116
1.681127e-007 0.00207906
1.683127e-007 0.00174697
1.685127e-007 0.00174697
1.687127e-007 0.00207906
1.689127e-007 0.00207906
1.691127e-007 0.00207906
1.693127e-007 0.00207906
1.695127e-007 0.00307535
1.697127e-007 0.00174697
1.699127e-007 0.00241116
1.701127e-007 0.00174697
1.703127e-007 0.00241116
1.705127e-007 0.00274325
1.707127e-007 0.00174697
1.709127e-007 0.00207906
1.711127e-007 0.00207906
1.713127e-007 0.00207906
1.715127e-007 0.00141488
1.717127e-007 0.00207906
1.719127e-007 0.00207906
1.721127e-007 0.00174697
1.723127e-007 0.00207906
1.725127e-007 0.00241116
1.727127e-007 0.00207906
1.729127e-007 0.00174697
1.731127e-007 0.00207906
1.733127e-007 0.00207906
1.735127e-007 0.00207906
1.737127e-007 0.00207906
1.739127e-007 0.00241116
1.741127e-007 0.00207906
1.743127e-007 0.00207906
1.745127e-007 0.00274325
1.747127e-007 0.00174697
1.749127e-007 0.00274325
1.751127e-007 0.00207906
1.753127e-007 0.00207906
1.755127e-007 0.00207906
1.757127e-007 0.00207906
1.759127e-007 0.00207906
1.761127e-007 0.00174697
1.763127e-007 0.00241116
1.765127e-007 0.00274325
1.767127e-007 0.00241116
1.769127e-007 0.00207906
1.771127e-007 0.00241116
1.773127e-007 0.00207906
1.775127e-007 0.00274325
1.777127e-007 0.00207906
1.779127e-007 0.00174697
1.781127e-007 0.00207906
1.783127e-007 0.00241116
1.785127e-007 0.00207906
1.787127e-007 0.00241116
1.789127e-007 0.00207906
1.791127e-007 0.00207906
1.793127e-007 0.00207906
1.795127e-007 0.00174697
1.797127e-007 0.00274325
1.799127e-007 0.00207906
1.801127e-007 0.00241116
1.803127e-007 0.00274325
1.805127e-007 0.00207906
1.807127e-007 0.00274325
1.809127e-007 0.00207906
1.811127e-007 0.00274325
1.813127e-007 0.00174697
1.815127e-007 0.00241116
1.817127e-007 0.00241116
1.819127e-007 0.00241116
1.821127e-007 0.00241116
1.823127e-007 0.00274325
1.825127e-007 0.00207906
1.827127e-007 0.00207906
1.829127e-007 0.00207906
1.831127e-007 0.00241116
1.833127e-007 0.00241116
1.835127e-007 0.00241116
1.837127e-007 0.00207906
1.839127e-007 0.00207906
1.841127e-007 0.00207906
1.843127e-007 0.00207906
1.845127e-007 0.00274325
1.847127e-007 0.00174697
1.849127e-007 0.00241116
1.851127e-007 0.00174697
1.853127e-007 0.00241116
1.855127e-007 0.00241116
1.857127e-007 0.00207906
1.859127e-007 0.00174697
1.861127e-007 0.00274325
1.863127e-007 0.00274325
1.865127e-007 0.00274325
1.867127e-007 0.00241116
1.869127e-007 0.00207906
1.871127e-007 0.00207906
1.873127e-007 0.00174697
1.875127e-007 0.00207906
1.877127e-007 0.00207906
1.879127e-007 0.00274325
1.881127e-007 0.00241116
1.883127e-007 0.00274325
1.885127e-007 0.00207906
1.887127e-007 0.00241116
1.889127e-007 0.00241116
1.891127e-007 0.00241116
1.893127e-007 0.00241116
1.895127e-007 0.00307535
1.897127e-007 0.00241116
1.899127e-007 0.00274325
1.901127e-007 0.00274325
1.903127e-007 0.00274325
1.905127e-007 0.00274325
1.907127e-007 0.00241116
1.909127e-007 0.00241116
1.911127e-007 0.00274325
1.913127e-007 0.00274325
1.915127e-007 0.00274325
1.917127e-007 0.00207906
1.919127e-007 0.00274325
1.921127e-007 0.00241116
1.923127e-007 0.00274325
1.925127e-007 0.00241116
1.927127e-007 0.00207906
1.929127e-007 0.00241116
1.931127e-007 0.00174697
1.933127e-007 0.00207906
1.935127e-007 0.00241116
1.937127e-007 0.00241116
1.939127e-007 0.00207906
1.941127e-007 0.00207906
1.943127e-007 0.00207906
1.945127e-007 0.00207906
1.947127e-007 0.00141488
1.949127e-007 0.00207906
1.951127e-007 0.00207906
1.953127e-007 0.00141488
1.955127e-007 0.00207906
1.957127e-007 0.00174697
1.959127e-007 0.00141488
1.961127e-007 0.00207906
1.963127e-007 0.00174697
1.965127e-007 0.00141488
1.967127e-007 0.00174697
1.969127e-007 0.00141488
1.971127e-007 0.00141488
1.973127e-007 0.00207906
1.975127e-007 0.00174697
1.977127e-007 0.00141488
1.979127e-007 0.00207906
1.981127e-007 0.00174697
1.983127e-007 0.00141488
1.985127e-007 0.00207906
1.987127e-007 0.00108278
1.989127e-007 0.00174697
1.991127e-007 0.00174697
1.993127e-007 0.00108278
1.995127e-007 0.00174697
1.997127e-007 0.00141488
1.999127e-007 0.00174697
2.001127e-007 0.00174697
2.003127e-007 0.00174697
2.005127e-007 0.00141488
2.007127e-007 0.00174697
2.009127e-007 0.00141488
2.011127e-007 0.00108278
2.013127e-007 0.00141488
2.015127e-007 0.00108278
2.017127e-007 0.00108278
2.019127e-007 0.00141488
2.021127e-007 0.00141488
2.023127e-007 0.00141488
2.025127e-007 0.00108278
2.027127e-007 0.00141488
2.029127e-007 0.00141488
2.031127e-007 0.00141488
2.033127e-007 0.00141488
2.035127e-007 0.00141488
2.037127e-007 0.00141488
2.039127e-007 0.00174697
2.041127e-007 0.00141488
2.043127e-007 0.00108278
2.045127e-007 0.00141488
2.047127e-007 0.00108278
2.049127e-007 0.00141488
2.051127e-007 0.00108278
2.053127e-007 0.00141488
2.055127e-007 0.00108278
2.057127e-007 0.00174697
2.059127e-007 0.00141488
2.061127e-007 0.00108278
2.063127e-007 0.00141488
2.065127e-007 0.000750691
2.067127e-007 0.000750691
2.069127e-007 0.00108278
2.071127e-007 0.00108278
2.073127e-007 0.00141488
2.075127e-007 0.00141488
2.077127e-007 0.000750691
2.079127e-007 0.00108278
2.081127e-007 0.00207906
2.083127e-007 0.00141488
2.085127e-007 0.00141488
2.087127e-007 0.00174697
2.089127e-007 0.00141488
2.091127e-007 0.00141488
2.093127e-007 0.00141488
2.095127e-007 0.00141488
2.097127e-007 0.00108278
2.099127e-007 0.00174697
2.101127e-007 0.00141488
2.103127e-007 0.00174697
2.105127e-007 0.00174697
2.107127e-007 0.00141488
2.109127e-007 0.00174697
2.111127e-007 0.00141488
2.113127e-007 0.00141488
2.115127e-007 0.00141488
2.117127e-007 0.00141488
2.119127e-007 0.00174697
2.121127e-007 0.00141488
2.123127e-007 0.00141488
2.125127e-007 0.000750691
2.127127e-007 0.00141488
2.129127e-007 0.00141488
2.131127e-007 0.00108278
2.133127e-007 0.00108278
2.135127e-007 0.00141488
2.137127e-007 0.00108278
2.139127e-007 0.00207906
2.141127e-007 0.00141488
2.143127e-007 0.00141488
2.145127e-007 0.00108278
2.147127e-007 0.00141488
2.149127e-007 0.00108278
2.151127e-007 0.00174697
2.153127e-007 0.00141488
2.155127e-007 0.00141488
2.157127e-007 0.00141488
2.159127e-007 0.00141488
2.161127e-007 0.00141488
2.163127e-007 0.00141488
2.165127e-007 0.00141488
2.167127e-007 0.00174697
2.169127e-007 0.00174697
2.171127e-007 0.00207906
2.173127e-007 0.00141488
2.175127e-007 0.00141488
2.177127e-007 0.00141488
2.179127e-007 0.00207906
2.181127e-007 0.00141488
2.183127e-007 0.00108278
2.185127e-007 0.00141488
2.187127e-007 0.00174697
2.189127e-007 0.00174697
2.191127e-007 0.00207906
2.193127e-007 0.00174697
2.195127e-007 0.00207906
2.197127e-007 0.00141488
2.199127e-007 0.00141488
2.201127e-007 0.00207906
2.203127e-007 0.00174697
2.205127e-007 0.00141488
2.207127e-007 0.00174697
2.209127e-007 0.00207906
2.211127e-007 0.00174697
2.213127e-007 0.00207906
2.215127e-007 0.00174697
2.217127e-007 0.00274325
2.219127e-007 0.00207906
2.221127e-007 0.00207906
2.223127e-007 0.00174697
2.225127e-007 0.00141488
2.227127e-007 0.00174697
2.229127e-007 0.00207906
2.231127e-007 0.00174697
2.233127e-007 0.00141488
2.235127e-007 0.00174697
2.237127e-007 0.00141488
2.239127e-007 0.00141488
2.241127e-007 0.00141488
2.243127e-007 0.00108278
2.245127e-007 0.00141488
2.247127e-007 0.00141488
2.249127e-007 0.00174697
2.251127e-007 0.00207906
2.253127e-007 0.00108278
2.255127e-007 0.00141488
2.257127e-007 0.00207906
2.259127e-007 0.00174697
2.261127e-007 0.00141488
2.263127e-007 0.00241116
2.265127e-007 0.00207906
2.267127e-007 0.00207906
2.269127e-007 0.00141488
2.271127e-007 0.00207906
2.273127e-007 0.00207906
2.275127e-007 0.00207906
2.277127e-007 0.00207906
2.279127e-007 0.00207906
2.281127e-007 0.00174697
2.283127e-007 0.00108278
2.285127e-007 0.00141488
2.287127e-007 0.00141488
2.289127e-007 0.00174697
2.291127e-007 0.00207906
2.293127e-007 0.00207906
2.295127e-007 0.00207906
2.297127e-007 0.00174697
2.299127e-007 0.00241116
2.301127e-007 0.00207906
2.303127e-007 0.00241116
2.305127e-007 0.00141488
2.307127e-007 0.00174697
2.309127e-007 0.00141488
2.311127e-007 0.00174697
2.313127e-007 0.00174697
2.315127e-007 0.00174697
2.317127e-007 0.00207906
2.319127e-007 0.00274325
2.321127e-007 0.00207906
2.323127e-007 0.00207906
2.325127e-007 0.00174697
2.327127e-007 0.00241116
2.329127e-007 0.00207906
2.331127e-007 0.00207906
2.333127e-007 0.00207906
2.335127e-007 0.00207906
2.337127e-007 0.00207906
2.339127e-007 0.00207906
2.341127e-007 0.00207906
2.343127e-007 0.00174697
2.345127e-007 0.00207906
2.347127e-007 0.00241116
2.349127e-007 0.00207906
2.351127e-007 0.00274325
2.353127e-007 0.00207906
2.355127e-007 0.00207906
2.357127e-007 0.00207906
2.359127e-007 0.00274325
2.361127e-007 0.00207906
2.363127e-007 0.00241116
2.365127e-007 0.00241116
2.367127e-007 0.00274325
2.369127e-007 0.00174697
2.371127e-007 0.00207906
2.373127e-007 0.00207906
2.375127e-007 0.00241116
2.377127e-007 0.00307535
2.379127e-007 0.00307535
2.381127e-007 0.00207906
2.383127e-007 0.00241116
2.385127e-007 0.00241116
2.387127e-007 0.00174697
2.389127e-007 0.00174697
2.391127e-007 0.00174697
2.393127e-007 0.00174697
2.395127e-007 0.00207906
2.397127e-007 0.00207906
2.399127e-007 0.00274325
2.401127e-007 0.00241116
2.403127e-007 0.00207906
2.405127e-007 0.00207906
2.407127e-007 0.00274325
2.409127e-007 0.00241116
2.411127e-007 0.00207906
2.413127e-007 0.00241116
2.415127e-007 0.00274325
2.417127e-007 0.00274325
2.419127e-007 0.00274325
2.421127e-007 0.00274325
2.423127e-007 0.00207906
2.425127e-007 0.00174697
2.427127e-007 0.00241116
2.429127e-007 0.00207906
2.431127e-007 0.00274325
2.433127e-007 0.00241116
2.435127e-007 0.00274325
2.437127e-007 0.00307535
2.439127e-007 0.00274325
2.441127e-007 0.00307535
2.443127e-007 0.00274325
2.445127e-007 0.00207906
2.447127e-007 0.00207906
2.449127e-007 0.00241116
2.451127e-007 0.00274325
2.453127e-007 0.00207906
2.455127e-007 0.00241116
2.457127e-007 0.00241116
2.459127e-007 0.00241116
2.461127e-007 0.00207906
2.463127e-007 0.00307535
2.465127e-007 0.00241116
2.467127e-007 0.00207906
2.469127e-007 0.00174697
2.471127e-007 0.00174697
2.473127e-007 0.00174697
2.475127e-007 0.00207906
2.477127e-007 0.00174697
2.479127e-007 0.00207906
2.481127e-007 0.00174697
2.483127e-007 0.00174697
2.485127e-007 0.00174697
2.487127e-007 0.00207906
2.489127e-007 0.00241116
2.491127e-007 0.00241116
2.493127e-007 0.00241116
2.495127e-007 0.00207906
2.497127e-007 0.00241116
2.499127e-007 0.00241116
2.501127e-007 0.00207906
